0.0101095
0.00156608
-0.000768972
0.00174203
-0.000294401
-0.000298055
-0.000295516
0.000155318
0.000200585
-0.000181622
-0.000834006
0.000239625
-0.00136445
-0.000431693
-0.00101423
-0.000818581
-0.000118806
-0.000429513
0.000809963
3.2144e-06
1.64861e-05
0.00032225
-0.000124917
-0.00300718
-0.000806896
0.00618716
-0.00157307
0.0024515
-0.00369613
0.000937882
1.37094e-07
0.00111699
-0.00136354
0.000107549
-4.55367e-06
-4.86435e-06
5.49468e-05
-1.61594e-05
5.55076e-05
-1.17485e-06
0.000261588
-4.25018e-05
-1.51122e-05
-5.59326e-05
0.00156608
0.00320607
-0.000994703
0.000332639
-0.000104094
-0.000113956
-8.9685e-05
-2.07943e-06
-0.000454701
8.90035e-05
-0.000319923
8.22864e-05
1.80817e-06
-0.000171773
-0.000289879
0.00039645
-0.000106007
-0.00020545
0.000236579
-3.75666e-05
4.08322e-05
0.000145136
-8.8248e-05
-0.00116067
-0.00049425
0.00343771
0.000144837
-0.00113707
-0.00092833
0.000138765
6.01759e-07
0.000463524
4.27481e-05
0.000187905
2.24189e-07
3.11765e-07
0.000229005
-9.06256e-05
0.000289834
2.06675e-05
-5.18633e-05
-3.22678e-05
7.31124e-06
-1.90842e-05
-0.000768972
-0.000994703
0.0080984
0.00783504
-0.00145176
-0.00100037
-0.00126784
-3.10008e-05
0.000573145
-0.000103662
2.09509e-05
-8.27578e-05
0.00045774
8.33394e-05
0.000509908
-0.00068399
0.000161266
0.000272546
-0.000546046
-0.000376747
-9.08814e-05
-0.00015701
0.000228859
0.00036859
0.000509098
-0.00539293
-0.00264556
0.00163303
0.00255389
-0.000166868
-1.91902e-06
-0.000718877
0.000808285
-0.00010692
3.63404e-07
4.17118e-07
-0.000217438
0.000149296
-0.000302871
-4.49567e-05
-5.24861e-05
4.80728e-05
-1.24777e-05
2.87683e-05
0.00174203
0.000332639
0.00783504
0.0266905
-0.00425349
-0.00194361
-0.00274842
-0.000109611
-0.000603234
5.31309e-05
7.12698e-05
0.000222053
-0.000315724
1.53305e-05
0.000276536
0.000180751
0.000147359
0.000362623
-2.39352e-06
-0.000961285
-0.000107267
6.35666e-05
0.000281234
-0.00137671
-0.00131979
-0.00629557
-0.0012377
0.000974492
0.00163004
0.00048075
-2.8967e-06
-0.000997019
-0.000504714
0.000468385
1.65081e-07
1.0117e-06
0.000121852
0.000145081
0.000101266
-2.78208e-05
-8.42552e-05
-3.12182e-06
-7.04e-06
-1.29813e-06
-0.000294401
-0.000104094
-0.00145176
-0.00425349
0.000918625
0.000122576
0.000312013
1.50878e-05
0.000121961
-2.44844e-05
-0.000115613
-8.05964e-05
0.000349845
-2.62956e-05
1.14672e-07
9.40996e-05
-3.19119e-05
-2.62393e-05
-0.000109204
0.000146201
-9.70407e-06
-2.0438e-05
-6.0884e-05
0.000262641
0.0002721
0.000631273
-0.000540155
-0.000181434
0.000304283
-0.000116993
1.08471e-06
0.000166324
5.19067e-07
0.00014893
-3.74921e-07
-4.7741e-07
-0.000100939
-4.75862e-05
-0.000118054
-1.74469e-06
2.12148e-05
9.7368e-06
8.31166e-07
-1.73357e-06
-0.000298055
-0.000113956
-0.00100037
-0.00194361
0.000122576
0.00145848
0.000310433
-3.94328e-05
-4.20831e-05
-3.73578e-08
0.00019424
6.67427e-05
-0.000478683
2.24356e-05
-0.000175347
-0.000112956
-1.41332e-05
-0.000102396
0.000335822
0.000123543
1.12824e-05
2.81025e-05
-1.46396e-05
-5.17339e-05
-0.000311146
0.00169771
0.00201172
-0.000579891
-0.00128154
0.000115803
-1.11641e-06
0.000138075
-0.000264987
-0.000358424
9.22807e-07
8.22969e-07
0.000137424
1.27592e-05
0.000202415
1.83619e-05
-1.23332e-05
-1.9227e-05
3.18912e-06
2.67236e-07
-0.000295516
-8.9685e-05
-0.00126784
-0.00274842
0.000312013
0.000310433
0.00130502
-1.84508e-05
-3.26314e-05
3.06576e-06
0.000129257
3.7994e-05
-0.000294419
1.63176e-05
-0.000142474
-1.7155e-05
-2.36088e-05
-9.35302e-05
0.000241254
0.000145241
1.68153e-05
2.43628e-05
-3.96884e-05
2.30194e-05
-0.000171316
0.00156732
0.00154528
-0.000540108
-0.00102981
5.23319e-05
-2.65578e-07
0.000159281
-0.000190934
-0.000206539
5.56114e-07
4.44444e-07
0.000100114
-1.13703e-05
0.000144784
1.54223e-05
-3.926e-06
-1.50787e-05
3.77456e-06
-5.83833e-07
0.000155318
-2.07943e-06
-3.10008e-05
-0.000109611
1.50878e-05
-3.94328e-05
-1.84508e-05
0.0122308
0.000117796
-9.08877e-05
-9.982e-05
-1.85528e-05
-4.57756e-05
-1.10621e-05
-5.86723e-05
-0.00010859
4.17171e-06
9.03273e-06
2.11867e-05
-2.76264e-05
-2.68959e-05
2.26067e-05
-3.39145e-05
-6.63847e-05
8.54358e-07
0.000501917
-0.000205023
8.87307e-05
-8.01225e-05
8.11079e-05
-1.91525e-06
2.18203e-05
-0.000126721
-0.000259795
1.41167e-07
4.20128e-07
-5.2769e-05
6.66694e-05
-4.23075e-05
2.69809e-06
1.02423e-05
7.23694e-06
-5.97153e-06
-1.91487e-06
0.000200585
-0.000454701
0.000573145
-0.000603234
0.000121961
-4.20831e-05
-3.26314e-05
0.000117796
0.013652
-0.00062968
-0.000660864
-0.000208638
0.00113849
0.000280756
0.000322405
0.000852208
0.000281346
-0.000104343
-0.000530929
-5.02774e-05
0.000102433
0.000154985
-0.000339234
-0.000272824
2.5915e-05
-0.00140308
-0.00209976
0.00108372
-0.000157641
-0.000330518
-6.01179e-06
-0.000477371
-0.000167013
0.00111635
-2.95882e-07
-8.49901e-07
-0.000115314
0.00010333
-0.00019441
-2.37777e-05
6.57525e-05
4.64106e-05
-4.69422e-06
-3.27511e-06
-0.000181622
8.90035e-05
-0.000103662
5.31309e-05
-2.44844e-05
-3.73578e-08
3.06576e-06
-9.08877e-05
-0.00062968
0.000790622
0.000170552
4.26305e-05
-0.000725995
-7.27057e-05
-1.72929e-06
8.86852e-05
-5.01733e-05
-5.404e-05
-4.93455e-05
5.6325e-05
-7.28442e-06
-0.000168633
0.000329478
0.000150394
-7.29832e-05
0.000469113
1.87405e-06
-0.000112744
0.000315117
-3.1525e-05
-1.39479e-06
0.000176877
-0.000282206
-0.000412545
-2.43909e-07
-2.13164e-07
0.000161664
-2.79962e-05
0.000216101
-1.74939e-05
-1.33776e-05
-2.86396e-05
9.07076e-06
-1.09281e-05
-0.000834006
-0.000319923
2.09509e-05
7.12698e-05
-0.000115613
0.00019424
0.000129257
-9.982e-05
-0.000660864
0.000170552
0.00162169
5.62196e-05
-0.000292649
-0.000117968
-0.000134869
-0.000496129
-6.20393e-05
-6.15744e-05
0.000402614
6.76119e-05
-4.41048e-05
-0.000132526
0.000295461
-4.82042e-05
0.000233765
3.8716e-05
0.0018099
-0.00105429
3.32444e-05
0.000290083
3.54026e-07
0.000206921
0.000510542
-0.000234089
7.30394e-07
7.54571e-07
7.79229e-05
-7.58096e-05
0.000118465
9.65858e-06
-9.06639e-05
-1.05853e-05
1.50785e-06
-1.79081e-05
0.000239625
8.22864e-05
-8.27578e-05
0.000222053
-8.05964e-05
6.67427e-05
3.7994e-05
-1.85528e-05
-0.000208638
4.26305e-05
5.62196e-05
0.000597816
-0.00267921
-6.02233e-05
-0.000137377
0.00032837
-4.47026e-05
5.07998e-06
0.000459654
7.77803e-06
1.1687e-05
2.79548e-05
-0.000138752
0.000618279
3.34341e-05
-0.00159698
0.000214554
0.00101903
-0.00199233
0.000303138
1.55407e-07
-8.89688e-05
0.00029215
0.000249587
-1.06642e-07
-1.37991e-07
-0.000119689
-5.64461e-05
-0.00010716
-9.11566e-06
-2.20079e-05
1.6416e-05
5.8462e-06
-1.77239e-06
-0.00136445
1.80817e-06
0.00045774
-0.000315724
0.000349845
-0.000478683
-0.000294419
-4.57756e-05
0.00113849
-0.000725995
-0.000292649
-0.00267921
0.026069
0.000680516
0.00120976
-0.00221089
0.00083971
-0.00144202
-0.00212964
0.000305598
-0.000149868
-0.000435501
0.00192457
-0.00599136
-0.000670583
-0.0011143
-0.00194948
-0.00881044
0.0069725
-0.00245798
-2.97232e-06
4.4221e-05
0.00361688
0.0029466
-4.53589e-06
-5.07505e-06
0.000436622
0.000451127
0.000443774
7.15101e-05
4.4552e-05
-7.90814e-05
-4.99193e-05
-2.55848e-05
-0.000431693
-0.000171773
8.33394e-05
1.53305e-05
-2.62956e-05
2.24356e-05
1.63176e-05
-1.10621e-05
0.000280756
-7.27057e-05
-0.000117968
-6.02233e-05
0.000680516
0.000887301
0.000569804
0.000498029
0.000248559
-0.000121863
-0.000716724
-2.83618e-05
4.88739e-05
-1.51238e-06
-0.000117405
0.000512806
1.80622e-05
-0.00289847
0.000102262
0.00075617
-0.00182201
-0.000854245
-2.18808e-06
-0.000759959
0.000514533
0.000624396
1.6668e-07
2.10887e-07
0.000138488
0.000163325
0.000167272
9.4043e-06
1.54523e-05
-1.82739e-05
-1.42352e-05
-4.72221e-06
-0.00101423
-0.000289879
0.000509908
0.000276536
1.14672e-07
-0.000175347
-0.000142474
-5.86723e-05
0.000322405
-1.72929e-06
-0.000134869
-0.000137377
0.00120976
0.000569804
0.00126991
0.000615253
0.000410877
-0.000222855
-0.000724606
-5.77557e-05
7.52823e-05
-0.000114914
9.15879e-06
0.000906467
-9.63967e-05
-0.00582386
-0.00159117
0.00131081
0.000185176
-0.000959083
-9.6963e-07
-0.00110157
0.000795728
0.000661988
5.20488e-07
6.46941e-07
-1.48275e-05
1.65541e-05
3.69703e-05
-9.017e-06
-4.96745e-05
6.64698e-06
5.74459e-06
-3.98426e-07
-0.000818581
0.00039645
-0.00068399
0.000180751
9.40996e-05
-0.000112956
-1.7155e-05
-0.00010859
0.000852208
8.86852e-05
-0.000496129
0.00032837
-0.00221089
0.000498029
0.000615253
0.0111407
0.000371794
-0.000229317
-0.000254806
-0.00020982
0.000158619
-0.000150012
-1.21677e-05
0.00150119
0.000276936
-0.00302607
-0.000406938
-0.000389561
-0.00193632
-0.000708034
-8.57851e-06
-0.00112859
-0.00136848
0.000904248
1.82677e-06
1.91367e-06
9.54967e-05
0.000118667
0.000208274
-3.4392e-05
-7.22889e-05
2.14734e-05
1.17005e-05
8.28153e-07
-0.000118806
-0.000106007
0.000161266
0.000147359
-3.19119e-05
-1.41332e-05
-2.36088e-05
4.17171e-06
0.000281346
-5.01733e-05
-6.20393e-05
-4.47026e-05
0.00083971
0.000248559
0.000410877
0.000371794
0.000464152
-0.000519889
0.000256997
-2.94285e-05
1.90559e-05
-0.000192064
0.000312351
-0.000179292
0.000119591
-0.00275091
-0.00020088
0.0009994
-0.000696137
-0.000224562
2.09366e-07
-0.00062132
0.000342359
0.000148913
-1.3648e-07
-1.27605e-07
-3.49852e-06
6.30791e-06
1.6833e-05
-7.33013e-06
-2.4551e-05
7.02169e-06
5.05738e-06
-2.05342e-06
-0.000429513
-0.00020545
0.000272546
0.000362623
-2.62393e-05
-0.000102396
-9.35302e-05
9.03273e-06
-0.000104343
-5.404e-05
-6.15744e-05
5.07998e-06
-0.00144202
-0.000121863
-0.000222855
-0.000229317
-0.000519889
0.00104131
-0.000789034
-6.82274e-05
-2.55863e-05
0.000363801
-0.000933607
0.00138001
2.7737e-05
0.00115034
-0.00107123
-0.000975101
0.00152229
0.000123055
-6.78411e-07
0.000213667
-0.000585772
-0.000723322
2.0664e-07
2.52409e-07
-5.06166e-05
-1.56795e-05
-8.31064e-05
-6.2804e-06
-1.14625e-05
4.76209e-06
-1.89778e-06
7.85821e-06
0.000809963
0.000236579
-0.000546046
-2.39352e-06
-0.000109204
0.000335822
0.000241254
2.11867e-05
-0.000530929
-4.93455e-05
0.000402614
0.000459654
-0.00212964
-0.000716724
-0.000724606
-0.000254806
0.000256997
-0.000789034
0.00604396
2.95783e-05
-7.96209e-05
-0.000262089
0.000618149
-0.00126182
0.000422755
0.000534991
0.00317447
-0.00116623
-0.00150475
0.00157684
4.3878e-06
0.000292467
0.000279384
-3.27215e-05
-1.48838e-06
-1.70166e-06
-0.000272069
-0.000329693
-0.000237184
-1.12684e-05
-9.38661e-05
3.544e-05
3.6361e-05
-2.5439e-06
3.2144e-06
-3.75666e-05
-0.000376747
-0.000961285
0.000146201
0.000123543
0.000145241
-2.76264e-05
-5.02774e-05
5.6325e-05
6.76119e-05
7.77803e-06
0.000305598
-2.83618e-05
-5.77557e-05
-0.00020982
-2.94285e-05
-6.82274e-05
2.95783e-05
0.000345218
2.90013e-05
-2.85793e-05
8.04962e-05
-4.11004e-05
-0.000767263
0.00024965
0.000139355
-3.19862e-05
-0.000189345
3.28859e-05
-4.00603e-07
0.000104288
1.06431e-05
-5.11834e-05
-7.8719e-07
-1.04634e-06
-7.92507e-06
2.16285e-05
-1.87171e-06
-2.50094e-06
1.38606e-05
2.25377e-06
-3.36283e-06
-8.7416e-07
1.64861e-05
4.08322e-05
-9.08814e-05
-0.000107267
-9.70407e-06
1.12824e-05
1.68153e-05
-2.68959e-05
0.000102433
-7.28442e-06
-4.41048e-05
1.1687e-05
-0.000149868
4.88739e-05
7.52823e-05
0.000158619
1.90559e-05
-2.55863e-05
-7.96209e-05
2.90013e-05
0.000264296
2.07082e-05
-4.24075e-05
0.000101699
-0.000626771
-0.000509929
-2.69487e-05
9.69446e-05
-0.00019774
-8.16704e-05
-1.25102e-07
-0.000118837
-0.000216115
0.000327605
5.33715e-07
6.21472e-07
-3.04997e-05
-8.45102e-06
-1.80198e-05
-7.82987e-07
2.25524e-06
2.67261e-06
3.13623e-07
-3.19014e-06
0.00032225
0.000145136
-0.00015701
6.35666e-05
-2.0438e-05
2.81025e-05
2.43628e-05
2.26067e-05
0.000154985
-0.000168633
-0.000132526
2.79548e-05
-0.000435501
-1.51238e-06
-0.000114914
-0.000150012
-0.000192064
0.000363801
-0.000262089
-2.85793e-05
2.07082e-05
0.000388828
-0.000682734
0.000357935
-0.000329063
0.00057354
-0.000479021
-4.13169e-05
-7.94205e-05
0.000125541
-2.88205e-07
3.33255e-05
-0.000185759
-0.000230512
1.25029e-07
1.15906e-07
-4.66497e-06
-5.27229e-05
8.90432e-06
1.00919e-05
-4.80445e-06
-4.9145e-06
4.61658e-06
-1.91147e-06
-0.000124917
-8.8248e-05
0.000228859
0.000281234
-6.0884e-05
-1.46396e-05
-3.96884e-05
-3.39145e-05
-0.000339234
0.000329478
0.000295461
-0.000138752
0.00192457
-0.000117405
9.15879e-06
-1.21677e-05
0.000312351
-0.000933607
0.000618149
8.04962e-05
-4.24075e-05
-0.000682734
0.00178424
-0.00196337
9.94055e-05
0.000543681
0.00181131
-0.000561912
0.00010741
-0.000201498
9.33121e-07
0.000331717
0.000609475
0.00121524
1.63385e-07
1.79746e-07
5.48369e-05
0.000117593
2.28064e-05
-4.16604e-06
3.85572e-05
-4.71189e-06
-1.41804e-05
-3.2013e-06
-0.00300718
-0.00116067
0.00036859
-0.00137671
0.000262641
-5.17339e-05
2.30194e-05
-6.63847e-05
-0.000272824
0.000150394
-4.82042e-05
0.000618279
-0.00599136
0.000512806
0.000906467
0.00150119
-0.000179292
0.00138001
-0.00126182
-4.11004e-05
0.000101699
0.000357935
-0.00196337
0.00745166
-0.00012304
-0.00788226
-0.00428746
0.00299294
0.000868578
-8.61527e-06
-1.80493e-07
-0.00184139
-0.0010797
-0.0033954
2.39879e-07
3.10679e-07
-0.000281374
-0.000107335
-0.000284611
-7.04857e-05
-0.000195242
6.88151e-05
2.9578e-05
3.08045e-05
-0.000806896
-0.00049425
0.000509098
-0.00131979
0.0002721
-0.000311146
-0.000171316
8.54358e-07
2.5915e-05
-7.29832e-05
0.000233765
3.34341e-05
-0.000670583
1.80622e-05
-9.63967e-05
0.000276936
0.000119591
2.7737e-05
0.000422755
-0.000767263
-0.000626771
-0.000329063
9.94055e-05
-0.00012304
0.0109284
0.000510757
0.000352367
0.000188377
-0.000201198
8.87144e-05
1.28095e-06
9.54865e-05
0.00148461
-0.000832903
-1.32187e-06
-6.29793e-07
0.00013509
-2.57706e-05
0.000205279
1.32705e-05
-3.17843e-05
-1.8652e-05
4.39556e-06
3.28968e-06
0.00618716
0.00343771
-0.00539293
-0.00629557
0.000631273
0.00169771
0.00156732
0.000501917
-0.00140308
0.000469113
3.8716e-05
-0.00159698
-0.0011143
-0.00289847
-0.00582386
-0.00302607
-0.00275091
0.00115034
0.000534991
0.00024965
-0.000509929
0.00057354
0.000543681
-0.00788226
0.000510757
0.0921039
0.0121725
-0.0227274
6.82716e-05
0.00194834
4.44186e-06
0.00703038
-0.0133764
-0.0127239
-6.41127e-06
-7.06089e-06
0.00222829
0.00124966
0.002088
0.000175021
0.000627335
-0.000278117
-0.000137033
1.46321e-05
-0.00157307
0.000144837
-0.00264556
-0.0012377
-0.000540155
0.00201172
0.00154528
-0.000205023
-0.00209976
1.87405e-06
0.0018099
0.000214554
-0.00194948
0.000102262
-0.00159117
-0.000406938
-0.00020088
-0.00107123
0.00317447
0.000139355
-2.69487e-05
-0.000479021
0.00181131
-0.00428746
0.000352367
0.0121725
0.0447736
-0.0213567
-0.00847891
0.000449795
-1.5549e-06
0.00119407
0.00133486
0.0066219
-2.42925e-06
-2.40279e-06
0.000721008
0.000231868
0.00104789
0.000150277
8.25324e-06
-0.000154876
-3.33104e-05
1.17472e-05
0.0024515
-0.00113707
0.00163303
0.000974492
-0.000181434
-0.000579891
-0.000540108
8.87307e-05
0.00108372
-0.000112744
-0.00105429
0.00101903
-0.00881044
0.00075617
0.00131081
-0.000389561
0.0009994
-0.000975101
-0.00116623
-3.19862e-05
9.69446e-05
-4.13169e-05
-0.000561912
0.00299294
0.000188377
-0.0227274
-0.0213567
0.042574
-0.00757123
0.000398564
5.87079e-06
-0.00163708
-0.00341137
-0.00704939
7.35008e-06
7.85101e-06
-0.000606204
-0.000134343
-0.000756626
-6.6987e-05
0.000177791
6.17914e-05
-2.18747e-05
-1.10211e-05
-0.00369613
-0.00092833
0.00255389
0.00163004
0.000304283
-0.00128154
-0.00102981
-8.01225e-05
-0.000157641
0.000315117
3.32444e-05
-0.00199233
0.0069725
-0.00182201
0.000185176
-0.00193632
-0.000696137
0.00152229
-0.00150475
-0.000189345
-0.00019774
-7.94205e-05
0.00010741
0.000868578
-0.000201198
6.82716e-05
-0.00847891
-0.00757123
0.0276989
0.000239269
7.91462e-06
0.00084835
-0.0019182
-0.00252115
8.17712e-07
1.19229e-06
-0.000595034
-0.000662034
-0.000787579
-7.82545e-05
-0.000239804
9.38577e-05
7.38308e-05
5.07638e-05
0.000937882
0.000138765
-0.000166868
0.00048075
-0.000116993
0.000115803
5.23319e-05
8.11079e-05
-0.000330518
-3.1525e-05
0.000290083
0.000303138
-0.00245798
-0.000854245
-0.000959083
-0.000708034
-0.000224562
0.000123055
0.00157684
3.28859e-05
-8.16704e-05
0.000125541
-0.000201498
-8.61527e-06
8.87144e-05
0.00194834
0.000449795
0.000398564
0.000239269
0.00344849
2.20091e-06
0.000522127
-0.00155408
-0.00227468
-1.14339e-06
-1.281e-06
-0.000299752
-0.000278842
-0.000410707
-8.41723e-06
-1.70345e-05
3.26304e-05
1.96829e-05
5.26797e-06
1.37094e-07
6.01759e-07
-1.91902e-06
-2.8967e-06
1.08471e-06
-1.11641e-06
-2.65578e-07
-1.91525e-06
-6.01179e-06
-1.39479e-06
3.54026e-07
1.55407e-07
-2.97232e-06
-2.18808e-06
-9.6963e-07
-8.57851e-06
2.09366e-07
-6.78411e-07
4.3878e-06
-4.00603e-07
-1.25102e-07
-2.88205e-07
9.33121e-07
-1.80493e-07
1.28095e-06
4.44186e-06
-1.5549e-06
5.87079e-06
7.91462e-06
2.20091e-06
8.53493e-07
3.21427e-07
-9.1815e-06
-8.95203e-06
1.1278e-08
1.17141e-08
-5.1476e-06
-1.44033e-06
-2.96895e-06
1.03641e-07
-1.28754e-07
4.31472e-08
-1.30673e-07
-2.8984e-07
0.00111699
0.000463524
-0.000718877
-0.000997019
0.000166324
0.000138075
0.000159281
2.18203e-05
-0.000477371
0.000176877
0.000206921
-8.89688e-05
4.4221e-05
-0.000759959
-0.00110157
-0.00112859
-0.00062132
0.000213667
0.000292467
0.000104288
-0.000118837
3.33255e-05
0.000331717
-0.00184139
9.54865e-05
0.00703038
0.00119407
-0.00163708
0.00084835
0.000522127
3.21427e-07
0.00202383
-0.000394622
5.95298e-05
9.81695e-07
9.39373e-07
0.000120785
-6.70763e-06
8.1989e-05
2.39589e-05
8.81375e-05
-2.86972e-05
-1.03542e-05
-2.15152e-06
-0.00136354
4.27481e-05
0.000808285
-0.000504714
5.19067e-07
-0.000264987
-0.000190934
-0.000126721
-0.000167013
-0.000282206
0.000510542
0.00029215
0.00361688
0.000514533
0.000795728
-0.00136848
0.000342359
-0.000585772
0.000279384
1.06431e-05
-0.000216115
-0.000185759
0.000609475
-0.0010797
0.00148461
-0.0133764
0.00133486
-0.00341137
-0.0019182
-0.00155408
-9.1815e-06
-0.000394622
0.018415
0.00857919
-2.86136e-06
-2.9793e-06
-0.000433228
-0.000393957
-0.000509395
4.77432e-07
-0.000194379
7.0349e-06
1.63014e-05
3.01588e-05
0.000107549
0.000187905
-0.00010692
0.000468385
0.00014893
-0.000358424
-0.000206539
-0.000259795
0.00111635
-0.000412545
-0.000234089
0.000249587
0.0029466
0.000624396
0.000661988
0.000904248
0.000148913
-0.000723322
-3.27215e-05
-5.11834e-05
0.000327605
-0.000230512
0.00121524
-0.0033954
-0.000832903
-0.0127239
0.0066219
-0.00704939
-0.00252115
-0.00227468
-8.95203e-06
5.95298e-05
0.00857919
0.0192391
5.67092e-07
7.34977e-07
-0.000964729
-0.000504273
-0.000816672
2.99539e-05
6.07605e-05
3.14595e-05
-2.4896e-06
-4.13801e-05
-4.55367e-06
2.24189e-07
3.63404e-07
1.65081e-07
-3.74921e-07
9.22807e-07
5.56114e-07
1.41167e-07
-2.95882e-07
-2.43909e-07
7.30394e-07
-1.06642e-07
-4.53589e-06
1.6668e-07
5.20488e-07
1.82677e-06
-1.3648e-07
2.0664e-07
-1.48838e-06
-7.8719e-07
5.33715e-07
1.25029e-07
1.63385e-07
2.39879e-07
-1.32187e-06
-6.41127e-06
-2.42925e-06
7.35008e-06
8.17712e-07
-1.14339e-06
1.1278e-08
9.81695e-07
-2.86136e-06
5.67092e-07
5.40939e-07
-2.3015e-08
4.65827e-07
-2.59987e-07
2.02009e-07
1.26197e-07
-1.5884e-07
-9.82753e-08
3.81477e-08
1.61963e-08
-4.86435e-06
3.11765e-07
4.17118e-07
1.0117e-06
-4.7741e-07
8.22969e-07
4.44444e-07
4.20128e-07
-8.49901e-07
-2.13164e-07
7.54571e-07
-1.37991e-07
-5.07505e-06
2.10887e-07
6.46941e-07
1.91367e-06
-1.27605e-07
2.52409e-07
-1.70166e-06
-1.04634e-06
6.21472e-07
1.15906e-07
1.79746e-07
3.10679e-07
-6.29793e-07
-7.06089e-06
-2.40279e-06
7.85101e-06
1.19229e-06
-1.281e-06
1.17141e-08
9.39373e-07
-2.9793e-06
7.34977e-07
-2.3015e-08
1.10514e-07
5.00106e-07
-2.9672e-07
2.55938e-07
1.41621e-07
-1.83008e-07
-1.13934e-07
4.13349e-08
1.47914e-08
5.49468e-05
0.000229005
-0.000217438
0.000121852
-0.000100939
0.000137424
0.000100114
-5.2769e-05
-0.000115314
0.000161664
7.79229e-05
-0.000119689
0.000436622
0.000138488
-1.48275e-05
9.54967e-05
-3.49852e-06
-5.06166e-05
-0.000272069
-7.92507e-06
-3.04997e-05
-4.66497e-06
5.48369e-05
-0.000281374
0.00013509
0.00222829
0.000721008
-0.000606204
-0.000595034
-0.000299752
-5.1476e-06
0.000120785
-0.000433228
-0.000964729
4.65827e-07
5.00106e-07
0.000624456
9.60471e-05
0.000464091
5.07315e-06
-3.05168e-06
-5.51092e-05
-7.39809e-08
-4.8922e-06
-1.61594e-05
-9.06256e-05
0.000149296
0.000145081
-4.75862e-05
1.27592e-05
-1.13703e-05
6.66694e-05
0.00010333
-2.79962e-05
-7.58096e-05
-5.64461e-05
0.000451127
0.000163325
1.65541e-05
0.000118667
6.30791e-06
-1.56795e-05
-0.000329693
2.16285e-05
-8.45102e-06
-5.27229e-05
0.000117593
-0.000107335
-2.57706e-05
0.00124966
0.000231868
-0.000134343
-0.000662034
-0.000278842
-1.44033e-06
-6.70763e-06
-0.000393957
-0.000504273
-2.59987e-07
-2.9672e-07
9.60471e-05
0.000340227
5.01028e-06
3.1908e-06
4.15089e-05
-5.23989e-06
-2.55512e-05
2.52025e-06
5.55076e-05
0.000289834
-0.000302871
0.000101266
-0.000118054
0.000202415
0.000144784
-4.23075e-05
-0.00019441
0.000216101
0.000118465
-0.00010716
0.000443774
0.000167272
3.69703e-05
0.000208274
1.6833e-05
-8.31064e-05
-0.000237184
-1.87171e-06
-1.80198e-05
8.90432e-06
2.28064e-05
-0.000284611
0.000205279
0.002088
0.00104789
-0.000756626
-0.000787579
-0.000410707
-2.96895e-06
8.1989e-05
-0.000509395
-0.000816672
2.02009e-07
2.55938e-07
0.000464091
5.01028e-06
0.0175584
3.68555e-06
-2.59629e-05
-6.90368e-05
5.25533e-06
-2.69173e-06
-1.17485e-06
2.06675e-05
-4.49567e-05
-2.78208e-05
-1.74469e-06
1.83619e-05
1.54223e-05
2.69809e-06
-2.37777e-05
-1.74939e-05
9.65858e-06
-9.11566e-06
7.15101e-05
9.4043e-06
-9.017e-06
-3.4392e-05
-7.33013e-06
-6.2804e-06
-1.12684e-05
-2.50094e-06
-7.82987e-07
1.00919e-05
-4.16604e-06
-7.04857e-05
1.32705e-05
0.000175021
0.000150277
-6.6987e-05
-7.82545e-05
-8.41723e-06
1.03641e-07
2.39589e-05
4.77432e-07
2.99539e-05
1.26197e-07
1.41621e-07
5.07315e-06
3.1908e-06
3.68555e-06
1.24775e-05
2.73345e-06
-4.69323e-06
-4.40812e-07
-3.55859e-06
0.000261588
-5.18633e-05
-5.24861e-05
-8.42552e-05
2.12148e-05
-1.23332e-05
-3.926e-06
1.02423e-05
6.57525e-05
-1.33776e-05
-9.06639e-05
-2.20079e-05
4.4552e-05
1.54523e-05
-4.96745e-05
-7.22889e-05
-2.4551e-05
-1.14625e-05
-9.38661e-05
1.38606e-05
2.25524e-06
-4.80445e-06
3.85572e-05
-0.000195242
-3.17843e-05
0.000627335
8.25324e-06
0.000177791
-0.000239804
-1.70345e-05
-1.28754e-07
8.81375e-05
-0.000194379
6.07605e-05
-1.5884e-07
-1.83008e-07
-3.05168e-06
4.15089e-05
-2.59629e-05
2.73345e-06
9.16652e-05
-5.46011e-07
-1.01728e-05
-1.09457e-05
-4.25018e-05
-3.22678e-05
4.80728e-05
-3.12182e-06
9.7368e-06
-1.9227e-05
-1.50787e-05
7.23694e-06
4.64106e-05
-2.86396e-05
-1.05853e-05
1.6416e-05
-7.90814e-05
-1.82739e-05
6.64698e-06
2.14734e-05
7.02169e-06
4.76209e-06
3.544e-05
2.25377e-06
2.67261e-06
-4.9145e-06
-4.71189e-06
6.88151e-05
-1.8652e-05
-0.000278117
-0.000154876
6.17914e-05
9.38577e-05
3.26304e-05
4.31472e-08
-2.86972e-05
7.0349e-06
3.14595e-05
-9.82753e-08
-1.13934e-07
-5.51092e-05
-5.23989e-06
-6.90368e-05
-4.69323e-06
-5.46011e-07
1.15371e-05
1.62594e-07
3.23337e-07
-1.51122e-05
7.31124e-06
-1.24777e-05
-7.04e-06
8.31166e-07
3.18912e-06
3.77456e-06
-5.97153e-06
-4.69422e-06
9.07076e-06
1.50785e-06
5.8462e-06
-4.99193e-05
-1.42352e-05
5.74459e-06
1.17005e-05
5.05738e-06
-1.89778e-06
3.6361e-05
-3.36283e-06
3.13623e-07
4.61658e-06
-1.41804e-05
2.9578e-05
4.39556e-06
-0.000137033
-3.33104e-05
-2.18747e-05
7.38308e-05
1.96829e-05
-1.30673e-07
-1.03542e-05
1.63014e-05
-2.4896e-06
3.81477e-08
4.13349e-08
-7.39809e-08
-2.55512e-05
5.25533e-06
-4.40812e-07
-1.01728e-05
1.62594e-07
4.56083e-06
-4.40717e-07
-5.59326e-05
-1.90842e-05
2.87683e-05
-1.29813e-06
-1.73357e-06
2.67236e-07
-5.83833e-07
-1.91487e-06
-3.27511e-06
-1.09281e-05
-1.79081e-05
-1.77239e-06
-2.55848e-05
-4.72221e-06
-3.98426e-07
8.28153e-07
-2.05342e-06
7.85821e-06
-2.5439e-06
-8.7416e-07
-3.19014e-06
-1.91147e-06
-3.2013e-06
3.08045e-05
3.28968e-06
1.46321e-05
1.17472e-05
-1.10211e-05
5.07638e-05
5.26797e-06
-2.8984e-07
-2.15152e-06
3.01588e-05
-4.13801e-05
1.61963e-08
1.47914e-08
-4.8922e-06
2.52025e-06
-2.69173e-06
-3.55859e-06
-1.09457e-05
3.23337e-07
-4.40717e-07
0.000170644
