0.07 502.398 11.5348
0.0278 0.419257 11.189
0.0278 0.419257 11.189
0.0278 4.29041 3.39776
0.0278 4.29041 3.39776
0.0278 4.29041 3.39776
0.0278 4.29041 3.39776
0.0278 4.29041 3.39776
0.0278 4.29041 3.39776
0.0278 76.4208 15.1763
0.0278 11.2107 4.7828
0.0278 11.2107 4.7828
0.0278 11.2107 4.7828
0.0278 10.7144 15.7181
0.0278 10.7144 15.7181
0.0278 10.7144 15.7181
0.0278 10.7144 15.7181
0.0278 9.27484 35.2393
0.0278 9.27484 35.2393
0.0278 9.27484 35.2393
0.0278 42.3626 10.7336
0.0278 42.3626 10.7336
0.0278 42.3626 10.7336
0.0278 42.3626 10.7336
0.0278 -112.797 11.9613
0.0278 -126.799 12.6221
0.0278 -126.799 12.6221
0.0278 -126.292 8.02174
0.0278 -126.292 8.02174
0.0278 -126.799 12.6221
0.0278 -184.953 12.1386
0.0278 -126.292 8.02174
0.0278 -126.292 8.02174
0.0278 -71.3411 6.02371
0.0278 -53.7937 5.25771
0.0278 -30.2911 2.97549
0.0278 -50.2616 4.27811
0.0278 -126.292 8.02174
0.0278 -126.292 8.02174
0.0278 -71.3411 6.02371
0.0278 -53.7937 5.25771
0.0278 -53.7937 5.25771
0.0278 -126.292 8.02174
0.0278 -126.292 8.02174
0.0278 -126.799 12.6221
0.0278 -126.799 12.6221
0.0278 -126.799 12.6221
0.0278 -126.799 12.6221
0.0278 -126.799 12.6221
0.0278 -126.799 12.6221
0.0278 -126.799 12.6221
0.0278 -126.799 12.6221
0.0278 -126.799 12.6221
0.0278 -126.799 12.6221
0.0278 -126.799 12.6221
0.0278 -126.799 12.6221
0.0278 -126.799 12.6221
0.0278 -126.799 12.6221
0.0278 -126.799 12.6221
0.0278 -126.799 12.6221
0.0278 -126.799 12.6221
0.0278 -126.799 12.6221
0.0278 -126.799 12.6221
0.0278 -126.799 12.6221
0.0278 -126.799 12.6221
0.0278 -126.799 12.6221
0.0278 -126.799 12.6221
0.0278 -126.799 12.6221
0.0278 -126.799 12.6221
0.0278 -126.799 12.6221
0.0278 -126.799 12.6221
0.0278 -126.799 12.6221
0.0278 -126.799 12.6221
0.0278 -126.799 12.6221
0.0278 -126.799 12.6221
0.0278 -126.799 12.6221
0.0278 -126.799 12.6221
0.0278 -126.799 12.6221
0.0278 -126.799 12.6221
0.0278 -126.799 12.6221
0.0278 -126.799 12.6221
0.0278 -126.799 12.6221
0.0278 -126.799 12.6221
0.0278 -126.799 12.6221
0.0278 -126.799 12.6221
0.0278 -126.799 12.6221
0.0278 -126.799 12.6221
0.0278 -126.799 12.6221
0.0278 -126.799 12.6221
0.0278 -126.799 12.6221
0.0278 -126.799 12.6221
0.0278 -126.799 12.6221
0.0278 -126.799 12.6221
0.0278 -126.799 12.6221
0.0278 -126.799 12.6221
0.0278 -126.799 12.6221
0.0278 -126.799 12.6221
0.0278 -126.799 12.6221
0.0278 -126.799 12.6221
0.0278 -126.799 12.6221
0.0278 -126.799 12.6221
0.0278 -126.799 12.6221
0.0278 -126.799 12.6221
0.0278 -126.799 12.6221
0.0278 -126.799 12.6221
0.0278 -126.799 12.6221
0.0278 -126.799 12.6221
0.0278 -126.799 12.6221
0.0278 -126.799 12.6221
0.0278 -126.799 12.6221
0.0278 -126.799 12.6221
0.0278 -126.799 12.6221
0.0278 -126.799 12.6221
0.0278 -126.799 12.6221
0.0278 -126.799 12.6221
0.0278 -126.799 12.6221
0.0278 -126.799 12.6221
0.0278 -126.799 12.6221
0.0278 -126.799 12.6221
0.0278 -126.799 12.6221
0.0278 -126.799 12.6221
0.0278 -126.799 12.6221
0.0278 -126.799 12.6221
0.0278 -126.799 12.6221
0.0278 -126.799 12.6221
0.0278 -126.799 12.6221
0.0278 -126.799 12.6221
0.0278 -126.799 12.6221
0.0278 -126.799 12.6221
0.0278 -126.799 12.6221
0.0278 -126.799 12.6221
0.0278 -126.799 12.6221
0.0278 -126.292 8.02174
0.0278 9.27484 35.2393
0.0278 42.3626 10.7336
0.0278 42.3626 10.7336
0.0278 -221.116 38.4242
0.0278 -221.116 38.4242
0.0278 -18.7317 12.1554
0.0278 -18.7317 12.1554
0.0278 -18.7317 12.1554
0.0278 -114.012 11.9875
0.0278 -114.012 11.9875
0.0278 -18.7317 12.1554
0.0278 -2.58731 8.37146
0.0278 -64.9131 8.44229
0.0278 -82.6492 8.16038
0.0278 -7.24274 8.32298
0.0278 -166.173 11.5284
0.0278 -252.108 5.19849
0.0278 -283.856 5.51353
0.0278 -283.856 5.51353
0.0278 -327.114 6.69111
0.0278 -375.452 7.75051
0.0278 -275.03 6.8537
0.0278 -327.114 6.69111
0.0278 -283.856 5.51353
0.0278 -209.142 6.39601
0.0278 -357.592 7.995
0.0278 -109.884 7.63392
0.0278 -61.6609 5.74697
0.0278 0 0
0.0278 -6.90869 5.36672
0.0278 -6.90869 5.36672
0.0278 -6.90869 5.36672
0.0278 -6.90869 5.36672
0.0278 -109.884 7.63392
0.0278 -126.292 8.02174
0.0278 -71.3411 6.02371
0.0278 -42.1931 11.7132
0.0278 -126.292 8.02174
0.0278 -126.292 8.02174
0.0278 -2.83151 1.1262
0.0278 -6.18084 2.43185
0.0278 -11.5787 12.5165
0.0278 -9.94724 8.83004
0.0278 -7.55082 1.86802
0.0278 -2.79441 1.10205
0.0278 29.3033 8.92746
0.0278 -375.313 8.15747
0.0278 -4.5972 2.05716
0.0278 -375.313 8.15747
0.0278 -375.313 8.15747
0.0278 -4.5972 2.05716
0.0278 -2.79441 1.10205
0.0278 29.3033 8.92746
0.0278 -11.5787 12.5165
0.0278 -6.18084 2.43185
0.0278 -6.18084 2.43185
0.0278 -11.5787 12.5165
0.0278 -11.5787 12.5165
0.0278 -6.18084 2.43185
0.0278 -6.18084 2.43185
0.0278 -11.5787 12.5165
0.0278 -11.5787 12.5165
0.0278 -11.5787 12.5165
0.0278 -6.18084 2.43185
0.0278 -6.18084 2.43185
0.0278 -11.5787 12.5165
0.0278 -11.5787 12.5165
0.0278 -6.18084 2.43185
0.0278 -6.18084 2.43185
0.0278 -6.18084 2.43185
0.0278 -11.5787 12.5165
0.0278 -11.5787 12.5165
0.0278 29.3033 8.92746
0.0278 29.3033 8.92746
0.0278 29.3033 8.92746
0.0278 -40.5397 8.94406
0.0278 -10.639 8.95845
0.0278 -11.7912 8.85618
0.0278 -9.94724 8.83004
0.0278 -2.79441 1.10205
0.0278 -4.31988 1.50232
0.0278 -11.5166 1.83493
0.0278 -6.44591 1.59898
0.0278 -7.55082 1.86802
0.0278 29.3033 8.92746
0.0278 -50.6173 8.95511
0.0278 -40.5397 8.94406
0.0278 -23.8997 8.96795
0.0278 -10.639 8.95845
0.0278 -12.3573 8.89457
0.0278 -11.7912 8.85618
0.0278 -11.1048 8.83022
0.0278 -9.94724 8.83004
0.0278 -2.79441 1.10205
0.0278 -5.32941 1.19854
0.0278 -4.31988 1.50232
0.0278 -11.586 1.56176
0.0278 -11.5166 1.83493
0.0278 -10.052 1.85868
0.0278 -6.44591 1.59898
0.0278 -8.04186 1.82453
0.0278 -7.55082 1.86802
0.0278 29.3033 8.92746
0.0278 -50.6173 8.95511
0.0278 -40.5397 8.94406
0.0278 -23.8997 8.96795
0.0278 -10.639 8.95845
0.0278 -12.3573 8.89457
0.0278 -11.7912 8.85618
0.0278 -11.1048 8.83022
0.0278 -9.94724 8.83004
0.0278 -2.79441 1.10205
0.0278 -5.32941 1.19854
0.0278 -4.31988 1.50232
0.0278 -11.586 1.56176
0.0278 -11.5166 1.83493
0.0278 -10.052 1.85868
0.0278 -6.44591 1.59898
0.0278 -8.04186 1.82453
0.0278 -7.55082 1.86802
0.0278 -375.313 8.15747
0.0278 -375.313 8.15747
0.0278 -416.665 8.13313
0.0278 -381.078 7.77599
0.0278 -315.926 8.91975
0.0278 -324.202 6.0509
0.0278 -324.144 6.0489
0.0278 -306.761 6.43938
0.0278 -308.434 5.82928
0.0278 -297.564 5.90474
0.0278 -4.5972 2.05716
0.0278 -9.36348 2.37288
0.0278 -13.2742 2.48416
0.0278 -14.6889 2.81144
0.0278 -19.7211 2.54552
0.0278 -15.5848 2.57968
0.0278 -8.17316 2.11179
0.0278 -14.1115 1.86698
0.0278 -10.3174 2.26056
0.0278 -4.5972 2.05716
0.0278 -9.36348 2.37288
0.0278 -13.2742 2.48416
0.0278 -14.6889 2.81144
0.0278 -19.7211 2.54552
0.0278 -15.5848 2.57968
0.0278 -8.17316 2.11179
0.0278 -14.1115 1.86698
0.0278 -10.3174 2.26056
0.0278 -375.313 8.15747
0.0278 -416.665 8.13313
0.0278 -381.078 7.77599
0.0278 -315.926 8.91975
0.0278 -324.202 6.0509
0.0278 -324.144 6.0489
0.0278 -306.761 6.43938
0.0278 -308.434 5.82928
0.0278 -297.564 5.90474
0.0278 99.0949 12.0224
0.0278 472.416 27.0401
0.0278 -89.0512 28.1564
0.0278 472.416 27.0401
0.0278 160.051 8.25687
0.0278 472.416 27.0401
0.0278 99.0949 12.0224
0.0278 99.0949 12.0224
0.0278 99.0949 12.0224
0.0278 99.0949 12.0224
0.0278 99.0949 12.0224
0.0278 99.0949 12.0224
0.0278 99.0949 12.0224
0.0278 99.0949 12.0224
0.0278 -297.564 5.90474
0.0278 -262.762 7.89224
0.0278 -307.527 7.73303
0.0278 -292.199 8.89516
0.0278 -370.097 8.08143
0.0278 -105.469 15.2661
0.0278 -10.3174 2.26056
0.0278 -10.2526 2.47911
0.0278 -8.4542 3.13579
0.0278 -13.3624 2.69994
0.0278 -14.7455 3.2215
0.0278 -20.0103 3.07358
0.0278 -6.18084 2.43185
0.0278 -10.3174 2.26056
0.0278 -10.2526 2.47911
0.0278 -8.4542 3.13579
0.0278 -13.3624 2.69994
0.0278 -14.7455 3.2215
0.0278 -20.0103 3.07358
0.0278 -11.5787 12.5165
0.0278 -297.564 5.90474
0.0278 -262.762 7.89224
0.0278 -307.527 7.73303
0.0278 -292.199 8.89516
0.0278 -370.097 8.08143
0.0278 -105.469 15.2661
0.0278 -11.5787 12.5165
0.0278 -297.564 5.90474
0.0278 -262.762 7.89224
0.0278 -307.527 7.73303
0.0278 -292.199 8.89516
0.0278 -370.097 8.08143
0.0278 -105.469 15.2661
0.0278 -6.18084 2.43185
0.0278 -10.3174 2.26056
0.0278 -10.2526 2.47911
0.0278 -8.4542 3.13579
0.0278 -13.3624 2.69994
0.0278 -14.7455 3.2215
0.0278 -20.0103 3.07358
0.0278 99.0949 12.0224
0.0278 -2.83151 1.1262
0.0278 -11.5787 12.5165
0.0278 -297.564 5.90474
0.0278 -262.762 7.89224
0.0278 -307.527 7.73303
0.0278 -292.199 8.89516
0.0278 -370.097 8.08143
0.0278 -105.469 15.2661
0.0278 -157.702 15.8646
0.0278 -341.141 15.7664
0.0278 -544.584 14.961
0.0278 -587.434 20.4558
0.0278 -423.806 34.827
0.0278 -6.18084 2.43185
0.0278 -10.3174 2.26056
0.0278 -10.2526 2.47911
0.0278 -8.4542 3.13579
0.0278 -13.3624 2.69994
0.0278 -14.7455 3.2215
0.0278 -20.0103 3.07358
0.0278 -23.7092 3.23876
0.0278 -30.048 3.90536
0.0278 -34.6268 5.34944
0.0278 -47.7453 6.65518
0.0278 -64.2243 13.263
0.0278 -11.5787 12.5165
0.0278 -11.5787 12.5165
0.0278 -11.5787 12.5165
0.0278 -11.5787 12.5165
0.0278 -11.5787 12.5165
0.0278 -11.5787 12.5165
0.0278 240.32 10.6975
0.0278 -23.157 8.63851
0.0278 -150.967 7.44292
0.0278 -226.458 6.75031
0.0278 -297.564 5.90474
0.0278 -262.762 7.89224
0.0278 -307.527 7.73303
0.0278 -292.199 8.89516
0.0278 -370.097 8.08143
0.0278 -105.469 15.2661
0.0278 -157.702 15.8646
0.0278 -341.141 15.7664
0.0278 -544.584 14.961
0.0278 -587.434 20.4558
0.0278 -423.806 34.827
0.0278 -6.18084 2.43185
0.0278 -6.18084 2.43185
0.0278 -6.18084 2.43185
0.0278 -6.18084 2.43185
0.0278 -6.18084 2.43185
0.0278 -6.18084 2.43185
0.0278 -0.376297 2.26531
0.0278 -5.33191 1.99302
0.0278 -7.95312 2.11536
0.0278 -9.17758 2.17827
0.0278 -10.3174 2.26056
0.0278 -10.2526 2.47911
0.0278 -8.4542 3.13579
0.0278 -13.3624 2.69994
0.0278 -14.7455 3.2215
0.0278 -20.0103 3.07358
0.0278 -23.7092 3.23876
0.0278 -30.048 3.90536
0.0278 -34.6268 5.34944
0.0278 -47.7453 6.65518
0.0278 -64.2243 13.263
0.0278 99.0949 12.0224
0.0278 99.0949 12.0224
0.0278 99.0949 12.0224
0.0278 99.0949 12.0224
0.0278 99.0949 12.0224
0.0278 30.1933 8.93685
0.0278 -39.7179 9.09837
0.0278 17.3788 11.8741
0.0278 -247.549 8.30179
0.0278 -80.857 13.1998
0.0278 -375.313 8.15747
0.0278 -67.7176 17.3978
0.0278 -90.2767 18.7647
0.0278 -104.054 20.5644
0.0278 -88.7183 23.3008
0.0278 -501.771 13.5147
0.0278 -280.669 22.2597
0.0278 -190.607 27.7639
0.0278 -521.635 19.4257
0.0278 -237.756 31.1288
0.0278 -631.985 20.2739
0.0278 -2.83151 1.1262
0.0278 -2.83151 1.1262
0.0278 -2.83151 1.1262
0.0278 -2.83151 1.1262
0.0278 -2.83151 1.1262
0.0278 -2.79441 1.10205
0.0278 -3.65281 1.23237
0.0278 -3.87517 1.33821
0.0278 -4.39635 1.63964
0.0278 -4.53441 1.81734
0.0278 -4.5972 2.05716
0.0278 -5.17051 2.20468
0.0278 -6.29159 2.24244
0.0278 -6.48543 2.52225
0.0278 -6.4596 2.92514
0.0278 -7.24195 3.18947
0.0278 -6.42692 3.97353
0.0278 -6.42692 3.97353
0.0278 -7.09053 4.65708
0.0278 -9.28281 4.15184
0.0278 -7.85136 5.72025
0.0278 -2.83151 1.1262
0.0278 -4.5972 2.05716
0.0278 -7.85136 5.72025
0.0278 -2.83151 1.1262
0.0278 -2.79441 1.10205
0.0278 -2.83151 1.1262
0.0278 -4.5972 2.05716
0.0278 -150 123.693
0.0278 0 0
0.0278 0 0
0.0278 0 0
0.0278 0 0
0.0278 -2.79441 1.10205
0.0278 30.1933 8.93685
0.0278 -375.313 8.15747
0.0278 -4.5972 2.05716
0.0278 -46.3166 13.8854
0.0278 29.3033 8.92746
0.0278 -46.3166 13.8854
0.0278 -30 67.082
0.0278 0 0
0.0278 29.3033 8.92746
0.0278 0 0
0.0278 0 0
0.0278 0 0
0.0278 0 0
0.0278 0 0
0.0278 0 0
0.0278 0 0
0.0278 0 0
0.0278 0 0
0.0278 0 0
0.0278 0 0
0.0278 0 0
0.0278 -46.3166 13.8854
0.0278 -30 67.082
0.0278 29.3033 8.92746
0.0278 -111.951 7.14914
0.0278 -46.3166 13.8854
0.0278 -52.2983 17.8626
0.0278 -30 67.082
0.0278 0 0
0.0278 0 0
0.0278 0 0
0.0278 -2.79441 1.10205
0.0278 -11.6829 8.11063
0.0278 0 0
0.0278 0 0
0.0278 0 0
0.0278 0 0
0.0278 0 0
0.0278 0 0
0.0278 0 0
0.0278 0 0
0.0278 0 0
0.0278 0 0
0.0278 0 0
0.0278 0 0
