1.000E-02 2.223E+01 2.982E-03 2.224E+01
1.250E-02 1.868E+01 2.992E-03 1.869E+01
1.500E-02 1.621E+01 2.999E-03 1.621E+01
1.750E-02 1.437E+01 3.004E-03 1.438E+01
2.000E-02 1.296E+01 3.008E-03 1.296E+01
2.500E-02 1.091E+01 3.017E-03 1.091E+01
3.000E-02 9.485E+00 3.027E-03 9.488E+00
3.500E-02 8.439E+00 3.037E-03 8.443E+00
4.000E-02 7.637E+00 3.048E-03 7.640E+00
4.500E-02 7.000E+00 3.061E-03 7.003E+00
5.000E-02 6.481E+00 3.074E-03 6.484E+00
5.500E-02 6.051E+00 3.088E-03 6.054E+00
6.000E-02 5.688E+00 3.103E-03 5.691E+00
7.000E-02 5.108E+00 3.135E-03 5.111E+00
8.000E-02 4.666E+00 3.169E-03 4.669E+00
9.000E-02 4.317E+00 3.206E-03 4.320E+00
1.000E-01 4.034E+00 3.244E-03 4.038E+00
1.250E-01 3.520E+00 3.350E-03 3.523E+00
1.500E-01 3.172E+00 3.463E-03 3.176E+00
1.750E-01 2.923E+00 3.584E-03 2.926E+00
2.000E-01 2.735E+00 3.711E-03 2.739E+00
2.500E-01 2.475E+00 3.985E-03 2.479E+00
3.000E-01 2.305E+00 4.284E-03 2.309E+00
3.500E-01 2.187E+00 4.604E-03 2.192E+00
4.000E-01 2.101E+00 4.945E-03 2.106E+00
4.500E-01 2.035E+00 5.304E-03 2.040E+00
5.000E-01 1.984E+00 5.680E-03 1.989E+00
5.500E-01 1.943E+00 6.071E-03 1.950E+00
6.000E-01 1.911E+00 6.475E-03 1.918E+00
7.000E-01 1.864E+00 7.322E-03 1.871E+00
8.000E-01 1.832E+00 8.212E-03 1.840E+00
9.000E-01 1.810E+00 9.142E-03 1.819E+00
1.000E+00 1.794E+00 1.011E-02 1.804E+00
1.250E+00 1.773E+00 1.267E-02 1.786E+00
1.500E+00 1.766E+00 1.541E-02 1.781E+00
1.750E+00 1.765E+00 1.830E-02 1.783E+00
2.000E+00 1.768E+00 2.132E-02 1.789E+00
2.500E+00 1.778E+00 2.766E-02 1.806E+00
3.000E+00 1.791E+00 3.435E-02 1.825E+00
3.500E+00 1.804E+00 4.132E-02 1.845E+00
4.000E+00 1.816E+00 4.852E-02 1.865E+00
4.500E+00 1.828E+00 5.593E-02 1.884E+00
5.000E+00 1.839E+00 6.353E-02 1.902E+00
5.500E+00 1.849E+00 7.129E-02 1.920E+00
6.000E+00 1.859E+00 7.919E-02 1.938E+00
7.000E+00 1.876E+00 9.539E-02 1.971E+00
8.000E+00 1.891E+00 1.120E-01 2.003E+00
9.000E+00 1.904E+00 1.290E-01 2.033E+00
1.000E+01 1.916E+00 1.464E-01 2.062E+00
