1.000E-02 1.423E-01 1.672E-01 1.778E+00 0.000E+00 0.000E+00 2.087E+00 1.945E+00
1.500E-02 8.547E-02 1.816E-01 4.784E-01 0.000E+00 0.000E+00 7.455E-01 6.600E-01
2.000E-02 5.643E-02 1.887E-01 1.864E-01 0.000E+00 0.000E+00 4.316E-01 3.751E-01
3.000E-02 2.925E-02 1.925E-01 4.887E-02 0.000E+00 0.000E+00 2.707E-01 2.414E-01
4.000E-02 1.776E-02 1.910E-01 1.878E-02 0.000E+00 0.000E+00 2.275E-01 2.097E-01
5.000E-02 1.190E-02 1.876E-01 8.927E-03 0.000E+00 0.000E+00 2.084E-01 1.965E-01
6.000E-02 8.508E-03 1.836E-01 4.857E-03 0.000E+00 0.000E+00 1.970E-01 1.885E-01
8.000E-02 4.952E-03 1.755E-01 1.858E-03 0.000E+00 0.000E+00 1.823E-01 1.773E-01
1.000E-01 3.224E-03 1.678E-01 8.833E-04 0.000E+00 0.000E+00 1.719E-01 1.687E-01
1.500E-01 1.460E-03 1.517E-01 2.317E-04 0.000E+00 0.000E+00 1.534E-01 1.520E-01
2.000E-01 8.269E-04 1.393E-01 9.107E-05 0.000E+00 0.000E+00 1.402E-01 1.394E-01
3.000E-01 3.695E-04 1.213E-01 2.552E-05 0.000E+00 0.000E+00 1.217E-01 1.213E-01
4.000E-01 2.082E-04 1.087E-01 1.089E-05 0.000E+00 0.000E+00 1.090E-01 1.087E-01
5.000E-01 1.334E-04 9.933E-02 5.857E-06 0.000E+00 0.000E+00 9.947E-02 9.934E-02
6.000E-01 9.268E-05 9.188E-02 3.642E-06 0.000E+00 0.000E+00 9.198E-02 9.189E-02
8.000E-01 5.214E-05 8.072E-02 1.837E-06 0.000E+00 0.000E+00 8.078E-02 8.072E-02
1.000E+00 3.338E-05 7.259E-02 1.142E-06 0.000E+00 0.000E+00 7.263E-02 7.259E-02
1.022E+00 3.196E-05 7.184E-02 1.053E-06 0.000E+00 0.000E+00 7.188E-02 7.184E-02
1.250E+00 2.136E-05 6.491E-02 7.149E-07 1.299E-05 0.000E+00 6.495E-02 6.493E-02
1.500E+00 1.484E-05 5.902E-02 5.191E-07 7.220E-05 0.000E+00 5.910E-02 5.909E-02
2.000E+00 8.347E-06 5.035E-02 3.277E-07 2.880E-04 0.000E+00 5.064E-02 5.064E-02
2.044E+00 7.990E-06 4.973E-02 3.171E-07 3.104E-04 0.000E+00 5.005E-02 5.004E-02
3.000E+00 3.710E-06 3.961E-02 1.839E-07 8.247E-04 1.386E-05 4.045E-02 4.045E-02
4.000E+00 2.087E-06 3.304E-02 1.265E-07 1.339E-03 5.658E-05 3.444E-02 3.444E-02
5.000E+00 1.336E-06 2.854E-02 9.614E-08 1.797E-03 1.128E-04 3.045E-02 3.045E-02
6.000E+00 9.277E-07 2.522E-02 7.738E-08 2.210E-03 1.732E-04 2.761E-02 2.760E-02
7.000E+00 6.813E-07 2.267E-02 6.471E-08 2.577E-03 2.335E-04 2.548E-02 2.548E-02
8.000E+00 5.218E-07 2.063E-02 5.556E-08 2.909E-03 2.921E-04 2.383E-02 2.383E-02
9.000E+00 4.122E-07 1.897E-02 4.869E-08 3.210E-03 3.482E-04 2.252E-02 2.252E-02
1.000E+01 3.339E-07 1.757E-02 4.333E-08 3.483E-03 4.018E-04 2.145E-02 2.145E-02
