0 0 0 1260
0 0 1 1530
0 0 2 1460
0 0 3 1520
0 0 4 1340
0 0 5 1480
0 0 6 1580
0 0 7 1510
0 0 8 1280
0 0 9 1440
0 0 10 1390
0 0 11 1590
0 0 12 1260
0 1 0 1180
0 1 1 1550
0 1 2 1430
0 1 3 1345
0 1 4 1430
0 1 5 1430
0 1 6 1510
0 1 7 1420
0 1 8 1490
0 1 9 1470
0 1 10 1380
0 1 11 1570
0 1 12 1300
0 2 0 1250
0 2 1 1420
0 2 2 1470
0 2 3 1440
0 2 4 1500
0 2 5 1600
0 2 6 1470
0 2 7 1440
0 2 8 1300
0 2 9 1470
0 2 10 1420
0 2 11 1470
0 2 12 1330
0 3 0 1320
0 3 1 1440
0 3 2 1470
0 3 3 1530
0 3 4 1510
0 3 5 1580
0 3 6 1480
0 3 7 1520
0 3 8 1410
0 3 9 1480
0 3 10 0000
0 3 11 1460
0 3 12 1400
0 4 0 1320
0 4 1 1430
0 4 2 1500
0 4 3 1480
0 4 4 1630
0 4 5 1350
0 4 6 0000
0 4 7 1470
0 4 8 1440
0 4 9 1330
0 4 10 1580
0 4 11 1410
0 4 12 0000
0 5 0 1270
0 5 1 1440
0 5 2 1560
0 5 3 1480
0 5 4 1400
0 5 5 1410
0 5 6 1480
0 5 7 1580
0 5 8 1370
0 5 9 1400
0 5 10 1580
0 5 11 1410
0 5 12 1290
0 6 0 1250
0 6 1 1420
0 6 2 1410
0 6 3 1530
0 6 4 1460
0 6 5 1740
0 6 6 1430
0 6 7 1500
0 6 8 1410
0 6 9 1380
0 6 10 1480
0 6 11 1580
0 6 12 1280
0 7 0 1190
0 7 1 1460
0 7 2 1470
0 7 3 1450
0 7 4 1430
0 7 5 1560
0 7 6 1450
0 7 7 1470
0 7 8 1390
0 7 9 1450
0 7 10 1380
0 7 11 1390
0 7 12 1310
0 8 0 1230
0 8 1 1510
0 8 2 1450
0 8 3 1480
0 8 4 1580
0 8 5 1570
0 8 6 1430
0 8 7 1530
0 8 8 0000
0 8 9 1320
0 8 10 1520
0 8 11 1320
0 8 12 1220
0 9 0 1260
0 9 1 1560
0 9 2 1620
0 9 3 1420
0 9 4 1465
0 9 5 1550
0 9 6 1410
0 9 7 1430
0 9 8 1460
0 9 9 1400
0 9 10 1390
0 9 11 1430
0 9 12 1140
0 10 0 1290
0 10 1 1460
0 10 2 1450
0 10 3 1480
0 10 4 1430
0 10 5 1430
0 10 6 1440
0 10 7 1460
0 10 8 1420
0 10 9 1390
0 10 10 1400
0 10 11 1390
0 10 12 1180
0 11 0 1280
0 11 1 1490
0 11 2 1420
0 11 3 1460
0 11 4 1400
0 11 5 1360
0 11 6 1420
0 11 7 1410
0 11 8 1540
0 11 9 1520
0 11 10 1490
0 11 11 1400
0 11 12 1260
0 12 0 1280
0 12 1 1500
0 12 2 0000
0 12 3 1640
0 12 4 1440
0 12 5 1450
0 12 6 1390
0 12 7 1580
0 12 8 1480
0 12 9 1400
0 12 10 1490
0 12 11 1300
0 12 12 1230
0 13 0 1300
0 13 1 1450
0 13 2 0000
0 13 3 1570
0 13 4 1470
0 13 5 1400
0 13 6 1570
0 13 7 1540
0 13 8 1500
0 13 9 1470
0 13 10 1420
0 13 11 1440
0 13 12 1420
0 14 0 1260
0 14 1 1490
0 14 2 0000
0 14 3 1430
0 14 4 1400
0 14 5 1450
0 14 6 1430
0 14 7 1440
0 14 8 1430
0 14 9 1450
0 14 10 1560
0 14 11 1590
0 14 12 1320
0 15 0 1300
0 15 1 1320
0 15 2 1490
0 15 3 1510
0 15 4 1510
0 15 5 1540
0 15 6 1520
0 15 7 1460
0 15 8 1550
0 15 9 1540
0 15 10 1420
0 15 11 1470
0 15 12 1220
0 16 0 1210
0 16 1 1450
0 16 2 1550
0 16 3 1590
0 16 4 1400
0 16 5 1440
0 16 6 0000
0 16 7 1410
0 16 8 1400
0 16 9 1440
0 16 10 1510
0 16 11 1370
0 16 12 1250
0 17 0 1250
0 17 1 1480
0 17 2 1530
0 17 3 1470
0 17 4 1490
0 17 5 1410
0 17 6 1510
0 17 7 1410
0 17 8 1470
0 17 9 1420
0 17 10 1210
0 17 11 1519
0 17 12 1230
0 18 0 1240
0 18 1 1480
0 18 2 1550
0 18 3 1360
0 18 4 1440
0 18 5 1430
0 18 6 1460
0 18 7 1410
0 18 8 1360
0 18 9 1350
0 18 10 1540
0 18 11 1380
0 18 12 1340
0 19 0 1280
0 19 1 1550
0 19 2 1470
0 19 3 1490
0 19 4 1640
0 19 5 1480
0 19 6 0000
0 19 7 0000
0 19 8 1330
0 19 9 1400
0 19 10 1410
0 19 11 1520
0 19 12 1190
