0.0219732
0.0028113
-0.00467022
0.00128903
-0.00107194
0.00137374
0.000975035
0.000140254
3.94391e-05
-0.00168901
0.000261663
-0.000114588
0.000319655
-0.00033494
-0.000508091
-0.000140181
-0.000133635
-0.000535788
-0.00015039
0.000144665
4.69165e-05
0.000104254
-0.000308814
-0.00161608
0.000126694
0.00542682
0.00292192
-0.00171692
-0.00100331
0.000120131
-1.7754e-08
0.00140537
0.00067261
-8.52089e-05
-9.98168e-09
-1.01953e-07
-0.000153107
0.000171319
-0.000171471
-1.88023e-05
0.000116753
2.81051e-05
-1.20819e-05
-7.39847e-05
0.0028113
0.00460091
-0.0027052
0.000194973
-0.000433559
0.000699588
0.000524788
6.31415e-05
6.15296e-05
8.10415e-05
-0.000929865
-6.04407e-05
0.000140899
-0.000169579
-0.000256028
-4.24299e-05
-7.66433e-05
-0.000247324
-6.58581e-05
8.05894e-05
1.40215e-05
3.83343e-05
-0.000130647
-0.000765153
0.000145893
0.00283211
0.00166691
-0.00123228
-0.000404038
5.63596e-05
-1.47019e-08
0.000699949
0.000348499
-4.36782e-05
-4.78803e-09
-6.30466e-08
9.55455e-05
-4.60453e-05
0.000115229
1.52655e-05
-2.73717e-05
-8.22348e-06
7.65025e-06
-3.49651e-05
-0.00467022
-0.0027052
0.0133345
0.00923677
-0.000894361
-0.00318123
-0.00303933
-6.0739e-05
3.82669e-05
0.000184253
0.000360562
3.2014e-05
-7.68148e-05
0.000112619
0.000171679
2.15161e-05
6.30911e-05
0.000201781
4.93884e-05
-0.00040561
-7.54241e-05
2.17041e-05
3.60876e-05
0.000669535
-0.000323944
-0.00196128
-0.00121343
0.000752334
0.000373875
-1.34937e-05
3.77859e-08
-0.000478966
-0.000542212
5.61048e-05
-2.00661e-08
3.54075e-07
-2.97708e-06
1.30667e-05
-7.01824e-06
-5.05637e-06
-8.57599e-06
-7.37744e-07
-2.02601e-06
2.24779e-05
0.00128903
0.000194973
0.00923677
0.0293544
-0.00444349
-0.00257721
-0.00334235
-0.000120979
0.0002538
6.46848e-05
0.00022991
-8.42754e-06
8.25083e-05
3.40347e-05
5.93757e-05
-5.43598e-05
6.69851e-05
0.000188478
4.41392e-05
-0.00105526
-0.000274498
0.000157232
-0.0001485
0.000706002
-0.000988731
-0.00104368
-0.00098692
0.000307966
0.000470198
9.74618e-05
1.27891e-07
-0.000228154
-0.00122964
0.000195434
-8.20457e-08
9.56413e-07
0.000112728
0.000118349
9.94066e-05
-6.847e-06
-1.52432e-05
-5.79316e-06
-6.14153e-06
-3.41841e-06
-0.00107194
-0.000433559
-0.000894361
-0.00444349
0.00118393
-0.000360529
-2.39608e-05
-2.11335e-05
4.74517e-06
-7.31508e-06
-4.1009e-05
-1.09069e-05
5.62735e-05
-1.35183e-05
-2.28392e-05
1.02141e-05
-8.04417e-06
-3.08534e-05
2.04547e-05
0.000177465
-4.67064e-05
-2.4904e-05
2.22702e-05
-0.000110945
-1.48259e-05
0.000411187
0.000156049
-0.00024729
-1.06234e-05
-1.22341e-05
-6.06716e-09
5.49056e-05
-0.000329042
9.95993e-05
-7.56882e-10
-1.68251e-07
-5.75876e-05
-5.52831e-05
-5.3644e-05
-8.27207e-08
-1.4304e-06
4.11123e-06
3.25926e-06
3.47227e-06
0.00137374
0.000699588
-0.00318123
-0.00257721
-0.000360529
0.00283861
0.00130874
5.06376e-05
-5.89066e-05
-2.68239e-05
-4.50527e-05
9.57867e-06
-6.10347e-05
-6.36009e-06
-8.50796e-06
-4.16449e-06
-1.21705e-05
-2.78964e-05
-3.52864e-05
9.10317e-05
0.000111199
-7.94032e-06
1.95986e-06
-0.000108312
0.000246547
1.83056e-06
0.000178381
0.000102831
-0.000120126
-2.31279e-06
-2.34505e-08
4.3621e-05
0.000673839
-0.000154375
1.96106e-08
-6.97811e-08
4.4503e-05
3.83632e-05
4.33462e-05
2.00888e-06
4.81926e-06
-3.49857e-06
-2.23797e-06
-6.41063e-06
0.000975035
0.000524788
-0.00303933
-0.00334235
-2.39608e-05
0.00130874
0.00211035
3.88177e-05
-4.96639e-05
-2.76063e-05
-5.3983e-05
5.53858e-06
-3.98729e-05
-1.0238e-05
-1.47499e-05
-2.49945e-06
-1.31971e-05
-3.34005e-05
-2.70125e-05
0.000123385
8.60428e-05
-1.26274e-05
5.75031e-06
-0.000125999
0.000213714
0.000118893
0.000201422
3.15697e-05
-0.000109944
-4.87651e-06
-2.26426e-08
5.60049e-05
0.000521867
-0.000114558
1.65561e-08
-1.026e-07
2.52067e-05
1.98556e-05
2.55731e-05
1.73615e-06
4.27415e-06
-2.071e-06
-1.19138e-06
-4.9026e-06
0.000140254
6.31415e-05
-6.0739e-05
-0.000120979
-2.11335e-05
5.06376e-05
3.88177e-05
0.0127994
0.000160328
-0.000182741
-0.000287286
3.18544e-06
0.000131678
9.02665e-07
5.11807e-06
-3.5886e-05
5.45913e-06
1.66933e-05
-9.60233e-06
3.1401e-06
-1.23015e-05
3.72894e-07
-1.15558e-05
8.52187e-06
2.35319e-05
-0.000122492
-0.00016469
9.04572e-05
4.11001e-05
3.11922e-06
-8.24534e-09
-4.05198e-05
-4.89032e-05
2.66957e-05
-3.0905e-07
1.00084e-09
3.13192e-06
3.26916e-06
1.21001e-06
6.41308e-06
2.41383e-05
-5.02032e-07
-4.80721e-07
6.47761e-07
3.94391e-05
6.15296e-05
3.82669e-05
0.0002538
4.74517e-06
-5.89066e-05
-4.96639e-05
0.000160328
0.0185978
-0.00103334
-0.00189169
3.74836e-05
0.000497951
1.14321e-05
3.71676e-05
-0.000190848
1.57451e-05
0.000100059
-9.26712e-05
-9.59252e-05
3.83645e-05
1.69906e-05
-5.2117e-05
-5.24245e-05
6.8744e-05
-0.000901016
-0.000681396
0.000748711
0.000114518
1.44126e-05
-8.27693e-09
-0.000229412
1.91441e-05
-4.00137e-05
1.02615e-07
-2.28912e-07
-2.51257e-06
1.53854e-06
-1.02244e-05
3.70596e-05
0.000165228
-1.59037e-06
-1.38857e-06
7.82782e-06
-0.00168901
8.10415e-05
0.000184253
6.46848e-05
-7.31508e-06
-2.68239e-05
-2.76063e-05
-0.000182741
-0.00103334
0.0015447
0.000245265
-3.0501e-05
-0.000431577
-1.7375e-06
-2.36486e-05
0.000178177
-2.89832e-06
-0.000112185
0.000114003
4.09161e-06
-8.48963e-06
-2.12131e-05
9.28376e-05
-5.91806e-05
-3.96779e-07
0.000640768
0.0005234
-0.000559403
-0.000177483
-1.68477e-06
1.5018e-08
0.000195222
-1.79955e-05
-5.23014e-05
-5.96743e-08
-1.14179e-08
2.18208e-05
9.97423e-06
3.1461e-05
-5.25647e-05
-5.72181e-06
-4.59872e-06
3.27577e-06
-3.40296e-06
0.000261663
-0.000929865
0.000360562
0.00022991
-4.1009e-05
-4.50527e-05
-5.3983e-05
-0.000287286
-0.00189169
0.000245265
0.00300018
-5.71942e-05
-0.000621165
-1.95714e-05
-5.42534e-05
0.000264132
-2.32732e-05
-0.000138922
0.000150336
4.44587e-06
-1.63617e-05
-2.14961e-05
0.000114671
-6.79829e-05
-2.42093e-05
0.00129184
0.000970195
-0.00116524
-0.000133288
-1.24189e-06
1.67138e-08
0.000314033
-4.38105e-05
-9.81597e-05
-8.61801e-08
-9.6309e-09
2.48621e-05
2.88199e-05
3.88862e-05
-1.78569e-06
-0.000238028
5.15707e-06
-2.8342e-06
-6.03866e-06
-0.000114588
-6.04407e-05
3.2014e-05
-8.42754e-06
-1.09069e-05
9.57867e-06
5.53858e-06
3.18544e-06
3.74836e-05
-3.0501e-05
-5.71942e-05
0.000796782
-0.00346576
-0.00020222
-0.000116156
0.000342596
-8.97852e-05
0.000114238
0.000110034
1.45525e-05
2.39342e-05
2.53597e-05
1.12684e-05
-8.69541e-05
-2.62478e-05
-0.00329138
0.00103968
0.00109525
-0.00135992
0.000472386
-3.38011e-08
-0.000260965
0.000122294
1.57992e-05
7.37937e-09
1.03878e-08
-6.095e-05
-4.34275e-05
-3.30272e-05
-4.64017e-06
-1.29139e-05
6.59997e-06
3.27474e-06
1.31967e-06
0.000319655
0.000140899
-7.68148e-05
8.25083e-05
5.62735e-05
-6.10347e-05
-3.98729e-05
0.000131678
0.000497951
-0.000431577
-0.000621165
-0.00346576
0.0358036
0.0007626
0.000354218
-0.00500125
0.00126018
-0.00221993
-0.00190044
1.8554e-07
1.49587e-05
-0.000560665
0.00116153
-0.000566061
-7.73755e-05
0.00845555
-0.00935489
-0.0105992
0.0029691
-0.00149529
-1.27593e-08
0.000361083
0.00368006
0.00492929
1.56144e-08
-4.75871e-08
0.000439453
0.000343455
0.000241108
2.04478e-05
0.000101838
-7.1719e-05
-5.16998e-05
6.61831e-07
-0.00033494
-0.000169579
0.000112619
3.40347e-05
-1.35183e-05
-6.36009e-06
-1.0238e-05
9.02665e-07
1.14321e-05
-1.7375e-06
-1.95714e-05
-0.00020222
0.0007626
0.00140848
0.00073281
0.000736726
0.000241662
-3.99186e-05
-2.97594e-06
-6.56141e-06
6.67813e-05
-2.74692e-05
-3.246e-05
0.000124132
-6.17242e-05
-0.0024725
-0.000521053
0.00101793
-0.00356117
-0.00120238
7.4777e-08
-0.000903989
0.000760913
0.000913287
-7.68922e-09
-3.9741e-09
3.03632e-05
2.8179e-05
5.06499e-05
-1.31912e-05
-4.89501e-05
9.37392e-06
8.11672e-06
3.24172e-06
-0.000508091
-0.000256028
0.000171679
5.93757e-05
-2.28392e-05
-8.50796e-06
-1.47499e-05
5.11807e-06
3.71676e-05
-2.36486e-05
-5.42534e-05
-0.000116156
0.000354218
0.00073281
0.00183958
0.000999103
0.000416339
-0.00016985
0.000175962
-1.43462e-05
8.1162e-05
-5.55342e-05
-9.70917e-06
0.000177128
-3.23962e-05
-0.0100835
0.000539652
0.00134299
0.00171078
-0.00153543
9.37057e-08
-0.00135208
0.0010925
0.00105897
-9.54539e-09
-3.21337e-09
5.90233e-05
6.14536e-05
6.00449e-05
-1.82247e-05
-6.82009e-05
1.06613e-05
7.00426e-06
5.43722e-06
-0.000140181
-4.24299e-05
2.15161e-05
-5.43598e-05
1.02141e-05
-4.16449e-06
-2.49945e-06
-3.5886e-05
-0.000190848
0.000178177
0.000264132
0.000342596
-0.00500125
0.000736726
0.000999103
0.0144373
0.000279917
-6.32548e-06
0.00025515
5.37977e-07
5.38327e-05
-2.77722e-05
-5.94635e-05
3.98445e-05
-8.56962e-06
-0.00334451
-0.000312749
-0.000641578
-0.00110329
-0.00150985
1.31455e-07
-0.00126608
0.000953546
0.00101826
-2.50175e-08
-1.05029e-08
2.68096e-05
3.15979e-05
9.36687e-05
-2.41758e-05
-9.69383e-05
2.45946e-05
1.88189e-05
2.94399e-06
-0.000133635
-7.66433e-05
6.30911e-05
6.69851e-05
-8.04417e-06
-1.21705e-05
-1.31971e-05
5.45913e-06
1.57451e-05
-2.89832e-06
-2.32732e-05
-8.97852e-05
0.00126018
0.000241662
0.000416339
0.000279917
0.000557802
-0.000609916
7.29578e-05
-7.25496e-06
-8.67021e-07
-0.000211325
0.000268694
6.72665e-05
5.7985e-05
-0.00303885
-9.15558e-05
0.00100493
-0.000657038
-0.00017923
1.98113e-08
-0.000673512
0.000469937
0.000434438
-8.25534e-09
-3.01566e-08
1.73275e-05
1.68409e-05
2.74449e-05
-8.66152e-06
-3.12172e-05
4.43873e-06
3.13088e-06
2.11973e-06
-0.000535788
-0.000247324
0.000201781
0.000188478
-3.08534e-05
-2.78964e-05
-3.34005e-05
1.66933e-05
0.000100059
-0.000112185
-0.000138922
0.000114238
-0.00221993
-3.99186e-05
-0.00016985
-6.32548e-06
-0.000609916
0.00125363
-0.00104447
-4.63234e-05
-5.52794e-06
0.00034548
-0.000766298
0.000593223
6.51636e-05
3.63324e-05
-0.00117148
-0.000682214
0.00145566
0.000118101
-3.00152e-08
4.54465e-05
-0.00042578
-0.000899576
2.06871e-08
5.60647e-08
-9.08039e-05
-7.98322e-05
-0.00011262
-7.60105e-06
-3.18943e-05
8.21782e-06
5.85089e-06
5.9484e-06
-0.00015039
-6.58581e-05
4.93884e-05
4.41392e-05
2.04547e-05
-3.52864e-05
-2.70125e-05
-9.60233e-06
-9.26712e-05
0.000114003
0.000150336
0.000110034
-0.00190044
-2.97594e-06
0.000175962
0.00025515
7.29578e-05
-0.00104447
0.0198241
2.73933e-05
-8.4052e-06
-3.25468e-05
0.000412695
-0.00189475
-6.86085e-05
0.00489195
-0.0085121
0.000540476
-0.00105465
-3.83569e-05
1.04817e-08
-8.08294e-05
6.75686e-05
-7.07705e-05
-1.68743e-08
-3.95765e-08
-9.4725e-07
4.83367e-06
2.76523e-05
-2.35902e-05
-7.85169e-05
2.10209e-05
1.39816e-05
-5.82242e-07
0.000144665
8.05894e-05
-0.00040561
-0.00105526
0.000177465
9.10317e-05
0.000123385
3.1401e-06
-9.59252e-05
4.09161e-06
4.44587e-06
1.45525e-05
1.8554e-07
-6.56141e-06
-1.43462e-05
5.37977e-07
-7.25496e-06
-4.63234e-05
2.73933e-05
0.000580515
-7.24695e-05
-7.8601e-05
9.48713e-05
-0.000259859
-0.000542111
0.000237007
0.000223584
-3.77022e-05
-5.07041e-05
-2.07749e-05
-6.07227e-09
-5.13974e-06
0.000169934
4.22422e-05
-1.25192e-07
-4.80642e-07
4.97423e-07
4.65359e-07
4.76786e-06
2.74449e-06
9.5399e-06
-1.17202e-06
-8.02991e-07
-1.37548e-06
4.69165e-05
1.40215e-05
-7.54241e-05
-0.000274498
-4.67064e-05
0.000111199
8.60428e-05
-1.23015e-05
3.83645e-05
-8.48963e-06
-1.63617e-05
2.39342e-05
1.49587e-05
6.67813e-05
8.1162e-05
5.38327e-05
-8.67021e-07
-5.52794e-06
-8.4052e-06
-7.24695e-05
0.0003595
2.51804e-05
-1.03902e-05
4.87034e-05
-0.000526946
-0.000950355
-0.000346714
0.000267826
-0.000305233
-2.97404e-05
3.207e-09
-0.000132621
-0.000483425
0.000338558
-4.04751e-08
7.1791e-08
-9.12347e-06
-5.39836e-06
-1.3748e-05
-4.16855e-06
-1.29706e-05
2.55837e-06
1.47367e-06
2.5876e-07
0.000104254
3.83343e-05
2.17041e-05
0.000157232
-2.4904e-05
-7.94032e-06
-1.26274e-05
3.72894e-07
1.69906e-05
-2.12131e-05
-2.14961e-05
2.53597e-05
-0.000560665
-2.74692e-05
-5.55342e-05
-2.77722e-05
-0.000211325
0.00034548
-3.25468e-05
-7.8601e-05
2.51804e-05
0.000467356
-0.000790735
0.000319175
-0.000223554
0.000411231
3.94245e-05
-0.000299008
0.00022083
2.83002e-05
-5.82609e-09
9.51888e-05
-0.000218791
-0.000254759
4.81056e-09
2.2496e-08
-1.53822e-05
-1.25949e-05
-1.62772e-05
2.31088e-06
8.23936e-06
-1.04485e-07
-1.56457e-07
-1.16159e-07
-0.000308814
-0.000130647
3.60876e-05
-0.0001485
2.22702e-05
1.95986e-06
5.75031e-06
-1.15558e-05
-5.2117e-05
9.28376e-05
0.000114671
1.12684e-05
0.00116153
-3.246e-05
-9.70917e-06
-5.94635e-05
0.000268694
-0.000766298
0.000412695
9.48713e-05
-1.03902e-05
-0.000790735
0.00221714
-0.00311226
-0.000161591
-0.000268979
0.00104238
0.000366416
-0.000447296
-1.59311e-05
1.53595e-08
5.13778e-05
0.000435169
0.000838145
1.24831e-08
5.93324e-09
5.69891e-05
4.92623e-05
6.01777e-05
6.75038e-07
3.95996e-06
-5.21351e-06
-3.67655e-06
-1.77486e-06
-0.00161608
-0.000765153
0.000669535
0.000706002
-0.000110945
-0.000108312
-0.000125999
8.52187e-06
-5.24245e-05
-5.91806e-05
-6.79829e-05
-8.69541e-05
-0.000566061
0.000124132
0.000177128
3.98445e-05
6.72665e-05
0.000593223
-0.00189475
-0.000259859
4.87034e-05
0.000319175
-0.00311226
0.0144249
0.000358645
0.0011602
-0.00703483
0.00134091
-7.1412e-05
8.82179e-05
-2.17928e-08
-0.000467756
-0.000994109
-0.00196345
-8.13229e-09
-2.74806e-09
-0.000139263
-0.000122159
-0.000172681
-1.44342e-05
-4.46925e-05
1.7463e-05
1.10239e-05
1.37584e-05
0.000126694
0.000145893
-0.000323944
-0.000988731
-1.48259e-05
0.000246547
0.000213714
2.35319e-05
6.8744e-05
-3.96779e-07
-2.42093e-05
-2.62478e-05
-7.73755e-05
-6.17242e-05
-3.23962e-05
-8.56962e-06
5.7985e-05
6.51636e-05
-6.86085e-05
-0.000542111
-0.000526946
-0.000223554
-0.000161591
0.000358645
0.0094058
0.000375008
-0.000338755
0.000116053
0.000548559
1.77006e-05
-1.22866e-08
0.000121373
0.000985229
-0.000528732
-1.77129e-07
5.20487e-07
3.0387e-05
1.34002e-05
3.03071e-05
-4.84444e-08
-3.25635e-06
-2.54642e-06
-3.36598e-07
1.68253e-06
0.00542682
0.00283211
-0.00196128
-0.00104368
0.000411187
1.83056e-06
0.000118893
-0.000122492
-0.000901016
0.000640768
0.00129184
-0.00329138
0.00845555
-0.0024725
-0.0100835
-0.00334451
-0.00303885
3.63324e-05
0.00489195
0.000237007
-0.000950355
0.000411231
-0.000268979
0.0011602
0.000375008
0.153471
-0.0252031
-0.0221723
-0.0198337
0.00334777
-4.57972e-07
0.0103407
-0.0157124
-0.0158058
7.28136e-08
-6.76856e-08
0.00109141
0.000833233
0.0012316
0.000200909
0.000707472
-0.000198806
-0.00012411
-5.71894e-05
0.00292192
0.00166691
-0.00121343
-0.00098692
0.000156049
0.000178381
0.000201422
-0.00016469
-0.000681396
0.0005234
0.000970195
0.00103968
-0.00935489
-0.000521053
0.000539652
-0.000312749
-9.15558e-05
-0.00117148
-0.0085121
0.000223584
-0.000346714
3.94245e-05
0.00104238
-0.00703483
-0.000338755
-0.0252031
0.111014
-0.036976
0.00398931
-0.00104678
2.335e-07
0.00218176
0.00463915
0.00696413
-1.43472e-07
-1.48431e-07
0.000654991
0.000543054
0.000863999
0.000100471
0.000304306
-5.16463e-05
-2.58742e-05
-2.50034e-05
-0.00171692
-0.00123228
0.000752334
0.000307966
-0.00024729
0.000102831
3.15697e-05
9.04572e-05
0.000748711
-0.000559403
-0.00116524
0.00109525
-0.0105992
0.00101793
0.00134299
-0.000641578
0.00100493
-0.000682214
0.000540476
-3.77022e-05
0.000267826
-0.000299008
0.000366416
0.00134091
0.000116053
-0.0221723
-0.036976
0.0512913
-0.00959198
0.000486232
8.177e-09
-0.00231057
-0.00573167
-0.00696188
6.84321e-08
9.87182e-09
-0.000398944
-0.000274386
-0.00043264
-2.80347e-06
3.0722e-05
-1.97939e-06
-1.10663e-05
1.80392e-06
-0.00100331
-0.000404038
0.000373875
0.000470198
-1.06234e-05
-0.000120126
-0.000109944
4.11001e-05
0.000114518
-0.000177483
-0.000133288
-0.00135992
0.0029691
-0.00356117
0.00171078
-0.00110329
-0.000657038
0.00145566
-0.00105465
-5.07041e-05
-0.000305233
0.00022083
-0.000447296
-7.1412e-05
0.000548559
-0.0198337
0.00398931
-0.00959198
0.0433469
-0.000577839
-2.67487e-08
0.000625467
-0.00043721
-0.0022328
2.15414e-08
2.8126e-08
0.000154874
0.000143022
-0.000114223
5.69497e-06
-6.62271e-06
-2.4926e-05
-2.66435e-05
1.24831e-05
0.000120131
5.63596e-05
-1.34937e-05
9.74618e-05
-1.22341e-05
-2.31279e-06
-4.87651e-06
3.11922e-06
1.44126e-05
-1.68477e-06
-1.24189e-06
0.000472386
-0.00149529
-0.00120238
-0.00153543
-0.00150985
-0.00017923
0.000118101
-3.83569e-05
-2.07749e-05
-2.97404e-05
2.83002e-05
-1.59311e-05
8.82179e-05
1.77006e-05
0.00334777
-0.00104678
0.000486232
-0.000577839
0.00440674
-4.22193e-07
0.000446583
-0.00186072
-0.00253497
1.48877e-08
2.50403e-08
-0.000323206
-0.000291742
-0.000343832
-1.86104e-06
1.48887e-06
1.7894e-05
1.12915e-05
-1.27131e-06
-1.7754e-08
-1.47019e-08
3.77859e-08
1.27891e-07
-6.06716e-09
-2.34505e-08
-2.26426e-08
-8.24534e-09
-8.27693e-09
1.5018e-08
1.67138e-08
-3.38011e-08
-1.27593e-08
7.4777e-08
9.37057e-08
1.31455e-07
1.98113e-08
-3.00152e-08
1.04817e-08
-6.07227e-09
3.207e-09
-5.82609e-09
1.53595e-08
-2.17928e-08
-1.22866e-08
-4.57972e-07
2.335e-07
8.177e-09
-2.67487e-08
-4.22193e-07
9.99748e-07
-5.30384e-09
1.255e-06
2.30247e-07
3.44265e-12
2.92687e-12
-5.01432e-06
-3.60922e-06
-3.78836e-06
-4.77516e-09
-1.21714e-08
2.68626e-08
1.90254e-08
3.77392e-10
0.00140537
0.000699949
-0.000478966
-0.000228154
5.49056e-05
4.3621e-05
5.60049e-05
-4.05198e-05
-0.000229412
0.000195222
0.000314033
-0.000260965
0.000361083
-0.000903989
-0.00135208
-0.00126608
-0.000673512
4.54465e-05
-8.08294e-05
-5.13974e-06
-0.000132621
9.51888e-05
5.13778e-05
-0.000467756
0.000121373
0.0103407
0.00218176
-0.00231057
0.000625467
0.000446583
-5.30384e-09
0.00272892
-0.000774153
-0.000332715
2.75732e-09
1.72114e-08
6.15821e-05
4.13239e-05
4.73733e-05
3.85878e-05
0.000140081
-2.44486e-05
-1.60453e-05
-1.56944e-05
0.00067261
0.000348499
-0.000542212
-0.00122964
-0.000329042
0.000673839
0.000521867
-4.89032e-05
1.91441e-05
-1.79955e-05
-4.38105e-05
0.000122294
0.00368006
0.000760913
0.0010925
0.000953546
0.000469937
-0.00042578
6.75686e-05
0.000169934
-0.000483425
-0.000218791
0.000435169
-0.000994109
0.000985229
-0.0157124
0.00463915
-0.00573167
-0.00043721
-0.00186072
1.255e-06
-0.000774153
0.0246969
0.00918307
1.99998e-08
-1.32944e-07
-0.000628427
-0.000578394
-0.000629732
-1.08265e-05
-4.36003e-05
2.43697e-05
2.07147e-05
3.5179e-06
-8.52089e-05
-4.36782e-05
5.61048e-05
0.000195434
9.95993e-05
-0.000154375
-0.000114558
2.66957e-05
-4.00137e-05
-5.23014e-05
-9.81597e-05
1.57992e-05
0.00492929
0.000913287
0.00105897
0.00101826
0.000434438
-0.000899576
-7.07705e-05
4.22422e-05
0.000338558
-0.000254759
0.000838145
-0.00196345
-0.000528732
-0.0158058
0.00696413
-0.00696188
-0.0022328
-0.00253497
2.30247e-07
-0.000332715
0.00918307
0.02181
-3.36304e-08
1.10917e-08
-0.000715359
-0.000636158
-0.000767813
9.41935e-06
3.04541e-05
8.80201e-06
9.5526e-06
2.78963e-06
-9.98168e-09
-4.78803e-09
-2.00661e-08
-8.20457e-08
-7.56882e-10
1.96106e-08
1.65561e-08
-3.0905e-07
1.02615e-07
-5.96743e-08
-8.61801e-08
7.37937e-09
1.56144e-08
-7.68922e-09
-9.54539e-09
-2.50175e-08
-8.25534e-09
2.06871e-08
-1.68743e-08
-1.25192e-07
-4.04751e-08
4.81056e-09
1.24831e-08
-8.13229e-09
-1.77129e-07
7.28136e-08
-1.43472e-07
6.84321e-08
2.15414e-08
1.48877e-08
3.44265e-12
2.75732e-09
1.99998e-08
-3.36304e-08
5.66888e-07
1.06891e-10
-2.42428e-09
-2.15084e-09
-8.96834e-09
1.81356e-09
5.42625e-09
-3.98296e-10
-3.47142e-10
2.62894e-10
-1.01953e-07
-6.30466e-08
3.54075e-07
9.56413e-07
-1.68251e-07
-6.97811e-08
-1.026e-07
1.00084e-09
-2.28912e-07
-1.14179e-08
-9.6309e-09
1.03878e-08
-4.75871e-08
-3.9741e-09
-3.21337e-09
-1.05029e-08
-3.01566e-08
5.60647e-08
-3.95765e-08
-4.80642e-07
7.1791e-08
2.2496e-08
5.93324e-09
-2.74806e-09
5.20487e-07
-6.76856e-08
-1.48431e-07
9.87182e-09
2.8126e-08
2.50403e-08
2.92687e-12
1.72114e-08
-1.32944e-07
1.10917e-08
1.06891e-10
1.3487e-07
1.02773e-09
8.31497e-10
-1.12687e-08
-1.59007e-09
-6.32573e-09
-4.6156e-11
-1.02344e-10
8.5123e-10
-0.000153107
9.55455e-05
-2.97708e-06
0.000112728
-5.75876e-05
4.4503e-05
2.52067e-05
3.13192e-06
-2.51257e-06
2.18208e-05
2.48621e-05
-6.095e-05
0.000439453
3.03632e-05
5.90233e-05
2.68096e-05
1.73275e-05
-9.08039e-05
-9.4725e-07
4.97423e-07
-9.12347e-06
-1.53822e-05
5.69891e-05
-0.000139263
3.0387e-05
0.00109141
0.000654991
-0.000398944
0.000154874
-0.000323206
-5.01432e-06
6.15821e-05
-0.000628427
-0.000715359
-2.42428e-09
1.02773e-09
0.000783952
0.000109838
0.000628863
2.40684e-05
9.98423e-06
-8.35246e-05
-4.13667e-06
-2.36174e-06
0.000171319
-4.60453e-05
1.30667e-05
0.000118349
-5.52831e-05
3.83632e-05
1.98556e-05
3.26916e-06
1.53854e-06
9.97423e-06
2.88199e-05
-4.34275e-05
0.000343455
2.8179e-05
6.14536e-05
3.15979e-05
1.68409e-05
-7.98322e-05
4.83367e-06
4.65359e-07
-5.39836e-06
-1.25949e-05
4.92623e-05
-0.000122159
1.34002e-05
0.000833233
0.000543054
-0.000274386
0.000143022
-0.000291742
-3.60922e-06
4.13239e-05
-0.000578394
-0.000636158
-2.15084e-09
8.31497e-10
0.000109838
0.000458591
3.15225e-05
2.27667e-06
4.52492e-05
-4.85122e-06
-3.73081e-05
-1.24442e-06
-0.000171471
0.000115229
-7.01824e-06
9.94066e-05
-5.3644e-05
4.33462e-05
2.55731e-05
1.21001e-06
-1.02244e-05
3.1461e-05
3.88862e-05
-3.30272e-05
0.000241108
5.06499e-05
6.00449e-05
9.36687e-05
2.74449e-05
-0.00011262
2.76523e-05
4.76786e-06
-1.3748e-05
-1.62772e-05
6.01777e-05
-0.000172681
3.03071e-05
0.0012316
0.000863999
-0.00043264
-0.000114223
-0.000343832
-3.78836e-06
4.73733e-05
-0.000629732
-0.000767813
-8.96834e-09
-1.12687e-08
0.000628863
3.15225e-05
0.0183355
2.83682e-05
7.35719e-06
-0.000101292
-1.44057e-06
-3.45659e-06
-1.88023e-05
1.52655e-05
-5.05637e-06
-6.847e-06
-8.27207e-08
2.00888e-06
1.73615e-06
6.41308e-06
3.70596e-05
-5.25647e-05
-1.78569e-06
-4.64017e-06
2.04478e-05
-1.31912e-05
-1.82247e-05
-2.41758e-05
-8.66152e-06
-7.60105e-06
-2.35902e-05
2.74449e-06
-4.16855e-06
2.31088e-06
6.75038e-07
-1.44342e-05
-4.84444e-08
0.000200909
0.000100471
-2.80347e-06
5.69497e-06
-1.86104e-06
-4.77516e-09
3.85878e-05
-1.08265e-05
9.41935e-06
1.81356e-09
-1.59007e-09
2.40684e-05
2.27667e-06
2.83682e-05
1.80696e-05
4.84121e-06
-9.70868e-06
-7.03298e-07
-4.83789e-06
0.000116753
-2.73717e-05
-8.57599e-06
-1.52432e-05
-1.4304e-06
4.81926e-06
4.27415e-06
2.41383e-05
0.000165228
-5.72181e-06
-0.000238028
-1.29139e-05
0.000101838
-4.89501e-05
-6.82009e-05
-9.69383e-05
-3.12172e-05
-3.18943e-05
-7.85169e-05
9.5399e-06
-1.29706e-05
8.23936e-06
3.95996e-06
-4.46925e-05
-3.25635e-06
0.000707472
0.000304306
3.0722e-05
-6.62271e-06
1.48887e-06
-1.21714e-08
0.000140081
-4.36003e-05
3.04541e-05
5.42625e-09
-6.32573e-09
9.98423e-06
4.52492e-05
7.35719e-06
4.84121e-06
0.000132328
-3.71767e-06
-1.33268e-05
-1.43193e-05
2.81051e-05
-8.22348e-06
-7.37744e-07
-5.79316e-06
4.11123e-06
-3.49857e-06
-2.071e-06
-5.02032e-07
-1.59037e-06
-4.59872e-06
5.15707e-06
6.59997e-06
-7.1719e-05
9.37392e-06
1.06613e-05
2.45946e-05
4.43873e-06
8.21782e-06
2.10209e-05
-1.17202e-06
2.55837e-06
-1.04485e-07
-5.21351e-06
1.7463e-05
-2.54642e-06
-0.000198806
-5.16463e-05
-1.97939e-06
-2.4926e-05
1.7894e-05
2.68626e-08
-2.44486e-05
2.43697e-05
8.80201e-06
-3.98296e-10
-4.6156e-11
-8.35246e-05
-4.85122e-06
-0.000101292
-9.70868e-06
-3.71767e-06
1.78423e-05
8.96756e-07
8.40781e-09
-1.20819e-05
7.65025e-06
-2.02601e-06
-6.14153e-06
3.25926e-06
-2.23797e-06
-1.19138e-06
-4.80721e-07
-1.38857e-06
3.27577e-06
-2.8342e-06
3.27474e-06
-5.16998e-05
8.11672e-06
7.00426e-06
1.88189e-05
3.13088e-06
5.85089e-06
1.39816e-05
-8.02991e-07
1.47367e-06
-1.56457e-07
-3.67655e-06
1.10239e-05
-3.36598e-07
-0.00012411
-2.58742e-05
-1.10663e-05
-2.66435e-05
1.12915e-05
1.90254e-08
-1.60453e-05
2.07147e-05
9.5526e-06
-3.47142e-10
-1.02344e-10
-4.13667e-06
-3.73081e-05
-1.44057e-06
-7.03298e-07
-1.33268e-05
8.96756e-07
6.18499e-06
-1.91316e-07
-7.39847e-05
-3.49651e-05
2.24779e-05
-3.41841e-06
3.47227e-06
-6.41063e-06
-4.9026e-06
6.47761e-07
7.82782e-06
-3.40296e-06
-6.03866e-06
1.31967e-06
6.61831e-07
3.24172e-06
5.43722e-06
2.94399e-06
2.11973e-06
5.9484e-06
-5.82242e-07
-1.37548e-06
2.5876e-07
-1.16159e-07
-1.77486e-06
1.37584e-05
1.68253e-06
-5.71894e-05
-2.50034e-05
1.80392e-06
1.24831e-05
-1.27131e-06
3.77392e-10
-1.56944e-05
3.5179e-06
2.78963e-06
2.62894e-10
8.5123e-10
-2.36174e-06
-1.24442e-06
-3.45659e-06
-4.83789e-06
-1.43193e-05
8.40781e-09
-1.91316e-07
0.000173992
